t, ñ	wz	
5,855	0	
5,86	0,01	
5,865	0,01	
5,87	0,01	
5,875	0,02	
5,88	0,02	
5,885	0,02	
5,89	0,03	
5,895	0,03	
5,9	0,03	
5,905	0,02	
5,91	0,02	
5,915	0,02	
5,92	0,03	
5,925	0,04	
5,93	0,04	
5,935	0,05	
5,94	0,06	
5,945	0,05	
5,95	0,06	
5,955	0,06	
5,96	0,05	
5,965	0,05	
5,97	0,05	
5,975	0,05	
5,98	0,06	
5,985	0,06	
5,99	0,07	
5,995	0,07	
6,0	0,07	
6,005	0,07	
6,01	0,06	
6,015	0,05	
6,02	0,05	
6,025	0,05	
6,03	0,06	
6,035	0,07	
6,04	0,08	
6,045	0,08	
6,05	0,08	
6,055	0,08	
6,06	0,07	
6,065	0,06	
6,07	0,06	
6,075	0,06	
6,08	0,07	
6,085	0,07	
6,09	0,08	
6,095	0,08	
6,1	0,08	
6,105	0,07	
6,11	0,07	
6,115	0,06	
6,12	0,06	
6,125	0,06	
6,13	0,07	
6,135	0,08	
6,14	0,08	
6,145	0,08	
6,15	0,08	
6,155	0,07	
6,16	0,07	
6,165	0,06	
6,17	0,06	
6,175	0,06	
6,18	0,07	
6,185	0,07	
6,19	0,07	
6,195	0,08	
6,2	0,07	
6,205	0,07	
6,21	0,06	
6,215	0,06	
6,22	0,06	
6,225	0,06	
6,23	0,06	
6,235	0,06	
6,24	0,06	
6,245	0,06	
6,25	0,06	
6,255	0,06	
6,26	0,06	
6,265	0,06	
6,27	0,06	
6,275	0,06	
6,28	0,06	
6,285	0,06	
6,29	0,06	
6,295	0,05	
6,3	0,05	
6,305	0,05	
6,31	0,05	
6,315	0,05	
6,32	0,05	
6,325	0,05	
6,33	0,05	
6,335	0,05	
6,34	0,05	
6,345	0,05	
6,35	0,04	
6,355	0,04	
6,36	0,05	
6,365	0,05	
6,37	0,05	
6,375	0,06	
6,38	0,06	
6,385	0,06	
6,39	0,05	
6,395	0,05	
6,4	0,05	
6,405	0,05	
6,41	0,05	
6,415	0,05	
6,42	0,06	
6,425	0,06	
6,43	0,06	
6,435	0,06	
6,44	0,06	
6,445	0,05	
6,45	0,05	
6,455	0,04	
6,46	0,04	
6,465	0,05	
6,47	0,05	
6,475	0,06	
6,48	0,06	
6,485	0,06	
6,49	0,06	
6,495	0,06	
6,5	0,05	
6,505	0,05	
6,51	0,05	
6,515	0,05	
6,52	0,05	
6,525	0,06	
6,53	0,06	
6,535	0,07	
6,54	0,07	
6,545	0,06	
6,55	0,06	
6,555	0,06	
6,56	0,06	
6,565	0,06	
6,57	0,06	
6,575	0,07	
6,58	0,07	
6,585	0,07	
6,59	0,08	
6,595	0,08	
6,6	0,07	
6,605	0,07	
6,61	0,06	
6,615	0,06	
6,62	0,06	
6,625	0,06	
6,63	0,07	
6,635	0,07	
6,64	0,08	
6,645	0,08	
6,65	0,07	
6,655	0,07	
6,66	0,07	
6,665	0,07	
6,67	0,07	
6,675	0,08	
6,68	0,07	
6,685	0,08	
6,69	0,08	
6,695	0,08	
6,7	0,07	
6,705	0,07	
6,71	0,07	
6,715	0,07	
6,72	0,07	
6,725	0,07	
6,73	0,07	
6,735	0,08	
6,74	0,07	
6,745	0,07	
6,75	0,07	
6,755	0,07	
6,76	0,06	
6,765	0,06	
6,77	0,06	
6,775	0,06	
6,78	0,06	
6,785	0,06	
6,79	0,06	
6,795	0,06	
6,8	0,06	
6,805	0,06	
6,81	0,06	
6,815	0,06	
6,82	0,05	
6,825	0,05	
6,83	0,05	
6,835	0,04	
6,84	0,04	
6,845	0,04	
6,85	0,04	
6,855	0,04	
6,86	0,04	
6,865	0,04	
6,87	0,04	
6,875	0,03	
6,88	0,03	
6,885	0,02	
6,89	0,02	
6,895	0,01	
6,9	0,01	
6,905	0,01	
6,91	0,01	
6,915	0,01	
6,92	0,01	
6,925	0,01	
6,93	0	
6,935	-0,01	
6,94	-0,02	
6,945	-0,02	
6,95	-0,02	
6,955	-0,02	
6,96	-0,02	
6,965	-0,02	
6,97	-0,02	
6,975	-0,02	
6,98	-0,03	
6,985	-0,04	
6,99	-0,05	
6,995	-0,05	
7,0	-0,06	
7,005	-0,06	
7,01	-0,06	
7,015	-0,06	
7,02	-0,06	
7,025	-0,06	
7,03	-0,07	
7,035	-0,08	
7,04	-0,09	
7,045	-0,09	
7,05	-0,1	
7,055	-0,1	
7,06	-0,1	
7,065	-0,1	
7,07	-0,1	
7,075	-0,1	
7,08	-0,11	
7,085	-0,12	
7,09	-0,12	
7,095	-0,13	
7,1	-0,14	
7,105	-0,14	
7,11	-0,14	
7,115	-0,14	
7,12	-0,14	
7,125	-0,14	
7,13	-0,15	
7,135	-0,15	
7,14	-0,16	
7,145	-0,17	
7,15	-0,17	
7,155	-0,18	
7,16	-0,18	
7,165	-0,18	
7,17	-0,18	
7,175	-0,18	
7,18	-0,18	
7,185	-0,19	
7,19	-0,19	
7,195	-0,19	
7,2	-0,2	
7,205	-0,2	
7,21	-0,2	
7,215	-0,2	
7,22	-0,21	
7,225	-0,21	
7,23	-0,22	
7,235	-0,22	
7,24	-0,22	
7,245	-0,23	
7,25	-0,23	
7,255	-0,23	
7,26	-0,23	
7,265	-0,23	
7,27	-0,23	
7,275	-0,24	
7,28	-0,24	
7,285	-0,24	
7,29	-0,24	
7,295	-0,24	
7,3	-0,23	
7,305	-0,23	
7,31	-0,23	
7,315	-0,24	
7,32	-0,24	
7,325	-0,24	
7,33	-0,25	
7,335	-0,24	
7,34	-0,24	
7,345	-0,24	
7,35	-0,24	
7,355	-0,23	
7,36	-0,23	
7,365	-0,23	
7,37	-0,24	
7,375	-0,24	
7,38	-0,24	
7,385	-0,24	
7,39	-0,24	
7,395	-0,23	
7,4	-0,23	
7,405	-0,22	
7,41	-0,21	
7,415	-0,21	
7,42	-0,21	
7,425	-0,21	
7,43	-0,21	
7,435	-0,21	
7,44	-0,2	
7,445	-0,2	
7,45	-0,19	
7,455	-0,18	
7,46	-0,18	
7,465	-0,17	
7,47	-0,18	
7,475	-0,18	
7,48	-0,17	
7,485	-0,17	
7,49	-0,16	
7,495	-0,15	
7,5	-0,15	
7,505	-0,14	
7,51	-0,13	
7,515	-0,13	
7,52	-0,12	
7,525	-0,12	
7,53	-0,11	
7,535	-0,11	
7,54	-0,1	
7,545	-0,09	
7,55	-0,09	
7,555	-0,08	
7,56	-0,07	
7,565	-0,06	
7,57	-0,06	
7,575	-0,05	
7,58	-0,05	
7,585	-0,04	
7,59	-0,04	
7,595	-0,03	
7,6	-0,03	
7,605	-0,02	
7,61	-0,01	
7,615	0	
7,62	0,01	
7,625	0,02	
7,63	0,03	
7,635	0,03	
7,64	0,04	
7,645	0,05	
7,65	0,05	
7,655	0,06	
7,66	0,07	
7,665	0,08	
7,67	0,09	
7,675	0,1	
7,68	0,1	
7,685	0,11	
7,69	0,12	
7,695	0,12	
7,7	0,13	
7,705	0,14	
7,71	0,15	
7,715	0,15	
7,72	0,16	
7,725	0,17	
7,73	0,17	
7,735	0,19	
7,74	0,19	
7,745	0,2	
7,75	0,2	
7,755	0,21	
7,76	0,21	
7,765	0,22	
7,77	0,22	
7,775	0,24	
7,78	0,24	
7,785	0,25	
7,79	0,26	
7,795	0,27	
7,8	0,28	
7,805	0,28	
7,81	0,29	
7,815	0,29	
7,82	0,3	
7,825	0,3	
7,83	0,31	
7,835	0,31	
7,84	0,32	
7,845	0,32	
7,85	0,33	
7,855	0,33	
7,86	0,33	
7,865	0,34	
7,87	0,34	
7,875	0,35	
7,88	0,35	
7,885	0,35	
7,89	0,36	
7,895	0,36	
7,9	0,36	
7,905	0,36	
7,91	0,36	
7,915	0,36	
7,92	0,36	
7,925	0,37	
7,93	0,37	
7,935	0,38	
7,94	0,38	
7,945	0,38	
7,95	0,38	
7,955	0,38	
7,96	0,38	
7,965	0,37	
7,97	0,37	
7,975	0,37	
7,98	0,37	
7,985	0,37	
7,99	0,37	
7,995	0,38	
8,0	0,37	
8,005	0,37	
8,01	0,37	
8,015	0,36	
8,02	0,36	
8,025	0,35	
8,03	0,35	
8,035	0,35	
8,04	0,34	
8,045	0,34	
8,05	0,34	
8,055	0,34	
8,06	0,33	
8,065	0,32	
8,07	0,32	
8,075	0,31	
8,08	0,3	
8,085	0,3	
8,09	0,29	
8,095	0,29	
8,1	0,29	
8,105	0,28	
8,11	0,27	
8,115	0,26	
8,12	0,25	
8,125	0,24	
8,13	0,23	
8,135	0,22	
8,14	0,21	
8,145	0,21	
8,15	0,21	
8,155	0,2	
8,16	0,19	
8,165	0,18	
8,17	0,17	
8,175	0,16	
8,18	0,14	
8,185	0,14	
8,19	0,13	
8,195	0,11	
8,2	0,11	
8,205	0,1	
8,21	0,09	
8,215	0,08	
8,22	0,07	
8,225	0,06	
8,23	0,05	
8,235	0,04	
8,24	0,02	
8,245	0,01	
8,25	0	
8,255	-0,01	
8,26	-0,02	
8,265	-0,03	
8,27	-0,04	
8,275	-0,05	
8,28	-0,06	
8,285	-0,07	
8,29	-0,08	
8,295	-0,1	
8,3	-0,11	
8,305	-0,13	
8,31	-0,14	
8,315	-0,14	
8,32	-0,15	
8,325	-0,16	
8,33	-0,17	
8,335	-0,18	
8,34	-0,19	
8,345	-0,21	
8,35	-0,23	
8,355	-0,24	
8,36	-0,25	
8,365	-0,25	
8,37	-0,26	
8,375	-0,27	
8,38	-0,28	
8,385	-0,29	
8,39	-0,3	
8,395	-0,31	
8,4	-0,32	
8,405	-0,33	
8,41	-0,34	
8,415	-0,35	
8,42	-0,36	
8,425	-0,36	
8,43	-0,37	
8,435	-0,39	
8,44	-0,39	
8,445	-0,41	
8,45	-0,42	
8,455	-0,43	
8,46	-0,43	
8,465	-0,44	
8,47	-0,44	
8,475	-0,45	
8,48	-0,45	
8,485	-0,45	
8,49	-0,46	
8,495	-0,46	
8,5	-0,47	
8,505	-0,47	
8,51	-0,48	
8,515	-0,49	
8,52	-0,5	
8,525	-0,5	
8,53	-0,5	
8,535	-0,51	
8,54	-0,51	
8,545	-0,51	
8,55	-0,51	
8,555	-0,52	
8,56	-0,52	
8,565	-0,52	
8,57	-0,52	
8,575	-0,52	
8,58	-0,52	
8,585	-0,52	
8,59	-0,52	
8,595	-0,52	
8,6	-0,52	
8,605	-0,52	
8,61	-0,52	
8,615	-0,52	
8,62	-0,52	
8,625	-0,51	
8,63	-0,51	
8,635	-0,51	
8,64	-0,5	
8,645	-0,5	
8,65	-0,49	
8,655	-0,49	
8,66	-0,49	
8,665	-0,48	
8,67	-0,48	
8,675	-0,47	
8,68	-0,47	
8,685	-0,46	
8,69	-0,46	
8,695	-0,45	
8,7	-0,44	
8,705	-0,43	
8,71	-0,42	
8,715	-0,42	
8,72	-0,41	
8,725	-0,4	
8,73	-0,39	
8,735	-0,39	
8,74	-0,38	
8,745	-0,37	
8,75	-0,36	
8,755	-0,34	
8,76	-0,33	
8,765	-0,32	
8,77	-0,31	
8,775	-0,3	
8,78	-0,29	
8,785	-0,28	
8,79	-0,27	
8,795	-0,26	
8,8	-0,25	
8,805	-0,23	
8,81	-0,22	
8,815	-0,21	
8,82	-0,19	
8,825	-0,18	
8,83	-0,17	
8,835	-0,16	
8,84	-0,15	
8,845	-0,13	
8,85	-0,12	
8,855	-0,1	
8,86	-0,09	
8,865	-0,07	
8,87	-0,06	
8,875	-0,04	
8,88	-0,03	
8,885	-0,02	
8,89	-0,01	
8,895	0,01	
8,9	0,02	
8,905	0,03	
8,91	0,05	
8,915	0,06	
8,92	0,09	
8,925	0,1	
8,93	0,12	
8,935	0,13	
8,94	0,14	
8,945	0,16	
8,95	0,17	
8,955	0,18	
8,96	0,2	
8,965	0,21	
8,97	0,22	
8,975	0,24	
8,98	0,25	
8,985	0,26	
8,99	0,28	
8,995	0,29	
9,0	0,31	
9,005	0,32	
9,01	0,33	
9,015	0,35	
9,02	0,36	
9,025	0,37	
9,03	0,39	
9,035	0,4	
9,04	0,41	
9,045	0,42	
9,05	0,43	
9,055	0,44	
9,06	0,44	
9,065	0,45	
9,07	0,46	
9,075	0,48	
9,08	0,49	
9,085	0,51	
9,09	0,51	
9,095	0,52	
9,1	0,53	
9,105	0,54	
9,11	0,54	
9,115	0,55	
9,12	0,56	
9,125	0,57	
9,13	0,58	
9,135	0,59	
9,14	0,59	
9,145	0,6	
9,15	0,6	
9,155	0,6	
9,16	0,61	
9,165	0,61	
9,17	0,61	
9,175	0,62	
9,18	0,62	
9,185	0,62	
9,19	0,63	
9,195	0,63	
9,2	0,63	
9,205	0,64	
9,21	0,64	
9,215	0,64	
9,22	0,64	
9,225	0,64	
9,23	0,63	
9,235	0,63	
9,24	0,63	
9,245	0,63	
9,25	0,63	
9,255	0,62	
9,26	0,62	
9,265	0,62	
9,27	0,61	
9,275	0,61	
9,28	0,6	
9,285	0,6	
9,29	0,59	
9,295	0,59	
9,3	0,58	
9,305	0,58	
9,31	0,57	
9,315	0,57	
9,32	0,55	
9,325	0,54	
9,33	0,53	
9,335	0,52	
9,34	0,51	
9,345	0,5	
9,35	0,5	
9,355	0,49	
9,36	0,48	
9,365	0,47	
9,37	0,46	
9,375	0,45	
9,38	0,44	
9,385	0,43	
9,39	0,41	
9,395	0,4	
9,4	0,39	
9,405	0,37	
9,41	0,36	
9,415	0,35	
9,42	0,33	
9,425	0,32	
9,43	0,3	
9,435	0,29	
9,44	0,27	
9,445	0,25	
9,45	0,24	
9,455	0,22	
9,46	0,21	
9,465	0,2	
9,47	0,18	
9,475	0,17	
9,48	0,15	
9,485	0,12	
9,49	0,11	
9,495	0,09	
9,5	0,08	
9,505	0,06	
9,51	0,05	
9,515	0,03	
9,52	0,02	
9,525	0	
9,53	-0,02	
9,535	-0,04	
9,54	-0,05	
9,545	-0,07	
9,55	-0,09	
9,555	-0,1	
9,56	-0,12	
9,565	-0,14	
9,57	-0,16	
9,575	-0,18	
9,58	-0,19	
9,585	-0,21	
9,59	-0,22	
9,595	-0,24	
9,6	-0,25	
9,605	-0,27	
9,61	-0,28	
9,615	-0,3	
9,62	-0,32	
9,625	-0,34	
9,63	-0,35	
9,635	-0,37	
9,64	-0,38	
9,645	-0,4	
9,65	-0,41	
9,655	-0,43	
9,66	-0,44	
9,665	-0,46	
9,67	-0,47	
9,675	-0,49	
9,68	-0,5	
9,685	-0,51	
9,69	-0,52	
9,695	-0,53	
9,7	-0,54	
9,705	-0,55	
9,71	-0,57	
9,715	-0,58	
9,72	-0,59	
9,725	-0,61	
9,73	-0,62	
9,735	-0,63	
9,74	-0,63	
9,745	-0,64	
9,75	-0,65	
9,755	-0,66	
9,76	-0,67	
9,765	-0,68	
9,77	-0,69	
9,775	-0,69	
9,78	-0,7	
9,785	-0,7	
9,79	-0,7	
9,795	-0,71	
9,8	-0,71	
9,805	-0,72	
9,81	-0,73	
9,815	-0,73	
9,82	-0,73	
9,825	-0,74	
9,83	-0,74	
9,835	-0,74	
9,84	-0,74	
9,845	-0,74	
9,85	-0,74	
9,855	-0,73	
9,86	-0,73	
9,865	-0,73	
9,87	-0,73	
9,875	-0,73	
9,88	-0,74	
9,885	-0,73	
9,89	-0,73	
9,895	-0,72	
9,9	-0,72	
9,905	-0,71	
9,91	-0,7	
9,915	-0,69	
9,92	-0,69	
9,925	-0,68	
9,93	-0,68	
9,935	-0,67	
9,94	-0,66	
9,945	-0,66	
9,95	-0,65	
9,955	-0,63	
9,96	-0,62	
9,965	-0,61	
9,97	-0,6	
9,975	-0,6	
9,98	-0,59	
9,985	-0,58	
9,99	-0,57	
9,995	-0,55	
10,0	-0,53	
10,005	-0,52	
10,01	-0,5	
10,015	-0,49	
10,02	-0,48	
10,025	-0,47	
10,03	-0,45	
10,035	-0,44	
10,04	-0,43	
10,045	-0,41	
10,05	-0,39	
10,055	-0,37	
10,06	-0,35	
10,065	-0,34	
10,07	-0,33	
10,075	-0,31	
10,08	-0,3	
10,085	-0,28	
10,09	-0,26	
10,095	-0,24	
10,1	-0,22	
10,105	-0,2	
10,11	-0,18	
10,115	-0,16	
10,12	-0,15	
10,125	-0,13	
10,13	-0,1	
10,135	-0,09	
10,14	-0,07	
10,145	-0,05	
10,15	-0,03	
10,155	-0,01	
10,16	0,01	
10,165	0,03	
10,17	0,05	
10,175	0,06	
10,18	0,08	
10,185	0,1	
10,19	0,12	
10,195	0,14	
10,2	0,15	
10,205	0,17	
10,21	0,21	
10,215	0,22	
10,22	0,24	
10,225	0,26	
10,23	0,27	
10,235	0,29	
10,24	0,31	
10,245	0,33	
10,25	0,35	
10,255	0,36	
10,26	0,38	
10,265	0,4	
10,27	0,41	
10,275	0,43	
10,28	0,45	
10,285	0,46	
10,29	0,49	
10,295	0,5	
10,3	0,52	
10,305	0,54	
10,31	0,55	
10,315	0,56	
10,32	0,57	
10,325	0,58	
10,33	0,59	
10,335	0,61	
10,34	0,62	
10,345	0,64	
10,35	0,65	
10,355	0,66	
10,36	0,67	
10,365	0,68	
10,37	0,69	
10,375	0,7	
10,38	0,71	
10,385	0,72	
10,39	0,73	
10,395	0,73	
10,4	0,74	
10,405	0,75	
10,41	0,75	
10,415	0,76	
10,42	0,77	
10,425	0,78	
10,43	0,78	
10,435	0,79	
10,44	0,79	
10,445	0,8	
10,45	0,8	
10,455	0,8	
10,46	0,81	
10,465	0,81	
10,47	0,81	
10,475	0,81	
10,48	0,81	
10,485	0,81	
10,49	0,81	
10,495	0,81	
10,5	0,81	
10,505	0,81	
10,51	0,8	
10,515	0,79	
10,52	0,79	
10,525	0,79	
10,53	0,79	
10,535	0,78	
10,54	0,78	
10,545	0,77	
10,55	0,77	
10,555	0,76	
10,56	0,75	
10,565	0,74	
10,57	0,73	
10,575	0,72	
10,58	0,71	
10,585	0,7	
10,59	0,69	
10,595	0,68	
10,6	0,67	
10,605	0,66	
10,61	0,65	
10,615	0,63	
10,62	0,61	
10,625	0,6	
10,63	0,58	
10,635	0,57	
10,64	0,56	
10,645	0,55	
10,65	0,53	
10,655	0,52	
10,66	0,5	
10,665	0,48	
10,67	0,47	
10,675	0,45	
10,68	0,43	
10,685	0,42	
10,69	0,4	
10,695	0,38	
10,7	0,36	
10,705	0,35	
10,71	0,33	
10,715	0,31	
10,72	0,29	
10,725	0,27	
10,73	0,25	
10,735	0,23	
10,74	0,22	
10,745	0,2	
10,75	0,18	
10,755	0,16	
10,76	0,14	
10,765	0,11	
10,77	0,09	
10,775	0,06	
10,78	0,04	
10,785	0,02	
10,79	0	
10,795	-0,02	
10,8	-0,04	
10,805	-0,06	
10,81	-0,08	
10,815	-0,1	
10,82	-0,12	
10,825	-0,14	
10,83	-0,16	
10,835	-0,18	
10,84	-0,2	
10,845	-0,22	
10,85	-0,24	
10,855	-0,26	
10,86	-0,29	
10,865	-0,31	
10,87	-0,33	
10,875	-0,34	
10,88	-0,36	
10,885	-0,38	
10,89	-0,4	
10,895	-0,42	
10,9	-0,44	
10,905	-0,46	
10,91	-0,47	
10,915	-0,49	
10,92	-0,51	
10,925	-0,52	
10,93	-0,54	
10,935	-0,55	
10,94	-0,58	
10,945	-0,59	
10,95	-0,61	
10,955	-0,62	
10,96	-0,64	
10,965	-0,65	
10,97	-0,66	
10,975	-0,68	
10,98	-0,69	
10,985	-0,7	
10,99	-0,71	
10,995	-0,73	
11,0	-0,73	
11,005	-0,74	
11,01	-0,76	
11,015	-0,76	
11,02	-0,78	
11,025	-0,79	
11,03	-0,8	
11,035	-0,8	
11,04	-0,81	
11,045	-0,82	
11,05	-0,82	
11,055	-0,83	
11,06	-0,84	
11,065	-0,84	
11,07	-0,85	
11,075	-0,85	
11,08	-0,86	
11,085	-0,86	
11,09	-0,87	
11,095	-0,87	
11,1	-0,86	
11,105	-0,86	
11,11	-0,85	
11,115	-0,85	
11,12	-0,86	
11,125	-0,86	
11,13	-0,86	
11,135	-0,86	
11,14	-0,86	
11,145	-0,85	
11,15	-0,85	
11,155	-0,84	
11,16	-0,84	
11,165	-0,83	
11,17	-0,83	
11,175	-0,82	
11,18	-0,81	
11,185	-0,81	
11,19	-0,8	
11,195	-0,79	
11,2	-0,78	
11,205	-0,77	
11,21	-0,76	
11,215	-0,74	
11,22	-0,73	
11,225	-0,72	
11,23	-0,72	
11,235	-0,71	
11,24	-0,7	
11,245	-0,68	
11,25	-0,67	
11,255	-0,65	
11,26	-0,62	
11,265	-0,61	
11,27	-0,6	
11,275	-0,59	
11,28	-0,57	
11,285	-0,56	
11,29	-0,54	
11,295	-0,53	
11,3	-0,51	
11,305	-0,49	
11,31	-0,47	
11,315	-0,45	
11,32	-0,43	
11,325	-0,41	
11,33	-0,4	
11,335	-0,38	
11,34	-0,36	
11,345	-0,33	
11,35	-0,31	
11,355	-0,29	
11,36	-0,27	
11,365	-0,25	
11,37	-0,23	
11,375	-0,21	
11,38	-0,19	
11,385	-0,17	
11,39	-0,15	
11,395	-0,13	
11,4	-0,11	
11,405	-0,09	
11,41	-0,07	
11,415	-0,05	
11,42	-0,02	
11,425	0,01	
11,43	0,03	
11,435	0,05	
11,44	0,07	
11,445	0,09	
11,45	0,11	
11,455	0,13	
11,46	0,16	
11,465	0,18	
11,47	0,2	
11,475	0,23	
11,48	0,25	
11,485	0,27	
11,49	0,29	
11,495	0,3	
11,5	0,32	
11,505	0,35	
11,51	0,37	
11,515	0,39	
11,52	0,41	
11,525	0,43	
11,53	0,45	
11,535	0,46	
11,54	0,48	
11,545	0,5	
11,55	0,51	
11,555	0,53	
11,56	0,55	
11,565	0,56	
11,57	0,58	
11,575	0,6	
11,58	0,61	
11,585	0,64	
11,59	0,65	
11,595	0,67	
11,6	0,68	
11,605	0,69	
11,61	0,7	
11,615	0,71	
11,62	0,72	
11,625	0,73	
11,63	0,75	
11,635	0,76	
11,64	0,78	
11,645	0,79	
11,65	0,8	
11,655	0,81	
11,66	0,81	
11,665	0,82	
11,67	0,83	
11,675	0,84	
11,68	0,85	
11,685	0,86	
11,69	0,86	
11,695	0,87	
11,7	0,87	
11,705	0,88	
11,71	0,88	
11,715	0,87	
11,72	0,87	
11,725	0,88	
11,73	0,88	
11,735	0,88	
11,74	0,89	
11,745	0,89	
11,75	0,89	
11,755	0,89	
11,76	0,88	
11,765	0,88	
11,77	0,87	
11,775	0,87	
11,78	0,87	
11,785	0,87	
11,79	0,87	
11,795	0,86	
11,8	0,86	
11,805	0,85	
11,81	0,84	
11,815	0,83	
11,82	0,82	
11,825	0,81	
11,83	0,8	
11,835	0,79	
11,84	0,78	
11,845	0,77	
11,85	0,76	
11,855	0,75	
11,86	0,74	
11,865	0,72	
11,87	0,71	
11,875	0,7	
11,88	0,68	
11,885	0,67	
11,89	0,66	
11,895	0,64	
11,9	0,63	
11,905	0,61	
11,91	0,58	
11,915	0,57	
11,92	0,55	
11,925	0,54	
11,93	0,52	
11,935	0,5	
11,94	0,49	
11,945	0,47	
11,95	0,45	
11,955	0,43	
11,96	0,41	
11,965	0,39	
11,97	0,37	
11,975	0,35	
11,98	0,34	
11,985	0,32	
11,99	0,28	
11,995	0,26	
12,0	0,24	
12,005	0,22	
12,01	0,2	
12,015	0,18	
12,02	0,16	
12,025	0,14	
12,03	0,12	
12,035	0,1	
12,04	0,07	
12,045	0,05	
12,05	0,03	
12,055	0,01	
12,06	-0,02	
12,065	-0,03	
12,07	-0,06	
12,075	-0,08	
12,08	-0,11	
12,085	-0,13	
12,09	-0,15	
12,095	-0,17	
12,1	-0,19	
12,105	-0,21	
12,11	-0,23	
12,115	-0,26	
12,12	-0,28	
12,125	-0,3	
12,13	-0,32	
12,135	-0,33	
12,14	-0,35	
12,145	-0,37	
12,15	-0,4	
12,155	-0,42	
12,16	-0,44	
12,165	-0,47	
12,17	-0,49	
12,175	-0,5	
12,18	-0,52	
12,185	-0,53	
12,19	-0,55	
12,195	-0,56	
12,2	-0,58	
12,205	-0,6	
12,21	-0,61	
12,215	-0,63	
12,22	-0,65	
12,225	-0,66	
12,23	-0,68	
12,235	-0,69	
12,24	-0,7	
12,245	-0,72	
12,25	-0,73	
12,255	-0,74	
12,26	-0,76	
12,265	-0,77	
12,27	-0,78	
12,275	-0,79	
12,28	-0,8	
12,285	-0,8	
12,29	-0,81	
12,295	-0,81	
12,3	-0,82	
12,305	-0,83	
12,31	-0,84	
12,315	-0,85	
12,32	-0,86	
12,325	-0,87	
12,33	-0,87	
12,335	-0,87	
12,34	-0,88	
12,345	-0,88	
12,35	-0,88	
12,355	-0,88	
12,36	-0,88	
12,365	-0,89	
12,37	-0,89	
12,375	-0,89	
12,38	-0,88	
12,385	-0,88	
12,39	-0,88	
12,395	-0,87	
12,4	-0,87	
12,405	-0,87	
12,41	-0,87	
12,415	-0,86	
12,42	-0,86	
12,425	-0,86	
12,43	-0,85	
12,435	-0,85	
12,44	-0,84	
12,445	-0,83	
12,45	-0,82	
12,455	-0,81	
12,46	-0,8	
12,465	-0,79	
12,47	-0,78	
12,475	-0,77	
12,48	-0,76	
12,485	-0,75	
12,49	-0,73	
12,495	-0,72	
12,5	-0,71	
12,505	-0,7	
12,51	-0,69	
12,515	-0,67	
12,52	-0,66	
12,525	-0,64	
12,53	-0,63	
12,535	-0,61	
12,54	-0,6	
12,545	-0,58	
12,55	-0,57	
12,555	-0,54	
12,56	-0,52	
12,565	-0,5	
12,57	-0,48	
12,575	-0,46	
12,58	-0,44	
12,585	-0,43	
12,59	-0,41	
12,595	-0,4	
12,6	-0,38	
12,605	-0,36	
12,61	-0,34	
12,615	-0,32	
12,62	-0,3	
12,625	-0,28	
12,63	-0,26	
12,635	-0,23	
12,64	-0,21	
12,645	-0,19	
12,65	-0,17	
12,655	-0,15	
12,66	-0,12	
12,665	-0,1	
12,67	-0,08	
12,675	-0,06	
12,68	-0,04	
12,685	-0,02	
12,69	0	
12,695	0,02	
12,7	0,04	
12,705	0,06	
12,71	0,08	
12,715	0,11	
12,72	0,14	
12,725	0,16	
12,73	0,19	
12,735	0,21	
12,74	0,22	
12,745	0,24	
12,75	0,26	
12,755	0,28	
12,76	0,3	
12,765	0,32	
12,77	0,34	
12,775	0,36	
12,78	0,38	
12,785	0,4	
12,79	0,43	
12,795	0,44	
12,8	0,46	
12,805	0,47	
12,81	0,48	
12,815	0,5	
12,82	0,52	
12,825	0,54	
12,83	0,56	
12,835	0,58	
12,84	0,6	
12,845	0,61	
12,85	0,62	
12,855	0,63	
12,86	0,64	
12,865	0,65	
12,87	0,67	
12,875	0,68	
12,88	0,71	
12,885	0,72	
12,89	0,74	
12,895	0,74	
12,9	0,75	
12,905	0,75	
12,91	0,76	
12,915	0,77	
12,92	0,78	
12,925	0,79	
12,93	0,8	
12,935	0,81	
12,94	0,81	
12,945	0,82	
12,95	0,83	
12,955	0,83	
12,96	0,83	
12,965	0,83	
12,97	0,84	
12,975	0,85	
12,98	0,85	
12,985	0,86	
12,99	0,86	
12,995	0,86	
13,0	0,86	
13,005	0,86	
13,01	0,85	
13,015	0,85	
13,02	0,85	
13,025	0,85	
13,03	0,85	
13,035	0,85	
13,04	0,84	
13,045	0,83	
13,05	0,83	
13,055	0,82	
13,06	0,82	
13,065	0,81	
13,07	0,8	
13,075	0,8	
13,08	0,79	
13,085	0,78	
13,09	0,77	
13,095	0,77	
13,1	0,76	
13,105	0,75	
13,11	0,74	
13,115	0,73	
13,12	0,71	
13,125	0,7	
13,13	0,68	
13,135	0,67	
13,14	0,66	
13,145	0,65	
13,15	0,63	
13,155	0,62	
13,16	0,61	
13,165	0,59	
13,17	0,58	
13,175	0,56	
13,18	0,54	
13,185	0,53	
13,19	0,52	
13,195	0,5	
13,2	0,48	
13,205	0,46	
13,21	0,44	
13,215	0,42	
13,22	0,4	
13,225	0,38	
13,23	0,36	
13,235	0,35	
13,24	0,33	
13,245	0,31	
13,25	0,29	
13,255	0,28	
13,26	0,26	
13,265	0,24	
13,27	0,22	
13,275	0,2	
13,28	0,17	
13,285	0,15	
13,29	0,13	
13,295	0,11	
13,3	0,09	
13,305	0,07	
13,31	0,05	
13,315	0,03	
13,32	0,01	
13,325	-0,01	
13,33	-0,04	
13,335	-0,06	
13,34	-0,07	
13,345	-0,09	
13,35	-0,11	
13,355	-0,13	
13,36	-0,15	
13,365	-0,18	
13,37	-0,2	
13,375	-0,23	
13,38	-0,25	
13,385	-0,26	
13,39	-0,28	
13,395	-0,3	
13,4	-0,31	
13,405	-0,33	
13,41	-0,35	
13,415	-0,37	
13,42	-0,39	
13,425	-0,41	
13,43	-0,42	
13,435	-0,44	
13,44	-0,46	
13,445	-0,48	
13,45	-0,49	
13,455	-0,51	
13,46	-0,52	
13,465	-0,54	
13,47	-0,55	
13,475	-0,57	
13,48	-0,58	
13,485	-0,6	
13,49	-0,6	
13,495	-0,61	
13,5	-0,63	
13,505	-0,64	
13,51	-0,65	
13,515	-0,67	
13,52	-0,68	
13,525	-0,69	
13,53	-0,7	
13,535	-0,71	
13,54	-0,72	
13,545	-0,73	
13,55	-0,74	
13,555	-0,74	
13,56	-0,75	
13,565	-0,76	
13,57	-0,76	
13,575	-0,77	
13,58	-0,77	
13,585	-0,78	
13,59	-0,78	
13,595	-0,78	
13,6	-0,79	
13,605	-0,79	
13,61	-0,79	
13,615	-0,79	
13,62	-0,8	
13,625	-0,8	
13,63	-0,8	
13,635	-0,8	
13,64	-0,8	
13,645	-0,8	
13,65	-0,8	
13,655	-0,79	
13,66	-0,79	
13,665	-0,79	
13,67	-0,78	
13,675	-0,78	
13,68	-0,78	
13,685	-0,78	
13,69	-0,77	
13,695	-0,77	
13,7	-0,76	
13,705	-0,75	
13,71	-0,73	
13,715	-0,72	
13,72	-0,71	
13,725	-0,71	
13,73	-0,7	
13,735	-0,7	
13,74	-0,7	
13,745	-0,69	
13,75	-0,68	
13,755	-0,66	
13,76	-0,65	
13,765	-0,63	
13,77	-0,62	
13,775	-0,61	
13,78	-0,6	
13,785	-0,59	
13,79	-0,57	
13,795	-0,56	
13,8	-0,55	
13,805	-0,53	
13,81	-0,51	
13,815	-0,49	
13,82	-0,48	
13,825	-0,46	
13,83	-0,45	
13,835	-0,44	
13,84	-0,42	
13,845	-0,41	
13,85	-0,39	
13,855	-0,37	
13,86	-0,35	
13,865	-0,33	
13,87	-0,31	
13,875	-0,29	
13,88	-0,27	
13,885	-0,26	
13,89	-0,24	
13,895	-0,22	
13,9	-0,21	
13,905	-0,19	
13,91	-0,17	
13,915	-0,16	
13,92	-0,14	
13,925	-0,12	
13,93	-0,08	
13,935	-0,06	
13,94	-0,05	
13,945	-0,03	
13,95	-0,01	
13,955	0	
13,96	0,02	
13,965	0,04	
13,97	0,06	
13,975	0,08	
13,98	0,1	
13,985	0,12	
13,99	0,13	
13,995	0,15	
14,0	0,17	
14,005	0,18	
14,01	0,21	
14,015	0,22	
14,02	0,24	
14,025	0,26	
14,03	0,28	
14,035	0,29	
14,04	0,31	
14,045	0,33	
14,05	0,34	
14,055	0,36	
14,06	0,37	
14,065	0,38	
14,07	0,4	
14,075	0,41	
14,08	0,43	
14,085	0,44	
14,09	0,47	
14,095	0,48	
14,1	0,49	
14,105	0,5	
14,11	0,52	
14,115	0,53	
14,12	0,54	
14,125	0,55	
14,13	0,57	
14,135	0,58	
14,14	0,59	
14,145	0,59	
14,15	0,6	
14,155	0,61	
14,16	0,62	
14,165	0,63	
14,17	0,65	
14,175	0,65	
14,18	0,66	
14,185	0,66	
14,19	0,67	
14,195	0,68	
14,2	0,68	
14,205	0,69	
14,21	0,7	
14,215	0,7	
14,22	0,71	
14,225	0,71	
14,23	0,71	
14,235	0,71	
14,24	0,72	
14,245	0,72	
14,25	0,72	
14,255	0,72	
14,26	0,72	
14,265	0,72	
14,27	0,72	
14,275	0,72	
14,28	0,72	
14,285	0,71	
14,29	0,71	
14,295	0,71	
14,3	0,7	
14,305	0,7	
14,31	0,7	
14,315	0,69	
14,32	0,69	
14,325	0,69	
14,33	0,69	
14,335	0,67	
14,34	0,67	
14,345	0,66	
14,35	0,65	
14,355	0,64	
14,36	0,64	
14,365	0,63	
14,37	0,62	
14,375	0,61	
14,38	0,6	
14,385	0,59	
14,39	0,58	
14,395	0,57	
14,4	0,56	
14,405	0,55	
14,41	0,55	
14,415	0,53	
14,42	0,52	
14,425	0,51	
14,43	0,5	
14,435	0,48	
14,44	0,47	
14,445	0,45	
14,45	0,44	
14,455	0,43	
14,46	0,41	
14,465	0,4	
14,47	0,38	
14,475	0,37	
14,48	0,35	
14,485	0,34	
14,49	0,33	
14,495	0,3	
14,5	0,29	
14,505	0,27	
14,51	0,25	
14,515	0,24	
14,52	0,23	
14,525	0,21	
14,53	0,19	
14,535	0,18	
14,54	0,16	
14,545	0,14	
14,55	0,13	
14,555	0,11	
14,56	0,09	
14,565	0,08	
14,57	0,06	
14,575	0,04	
14,58	0,02	
14,585	0,01	
14,59	-0,01	
14,595	-0,02	
14,6	-0,04	
14,605	-0,06	
14,61	-0,07	
14,615	-0,09	
14,62	-0,11	
14,625	-0,12	
14,63	-0,14	
14,635	-0,16	
14,64	-0,17	
14,645	-0,19	
14,65	-0,2	
14,655	-0,22	
14,66	-0,23	
14,665	-0,25	
14,67	-0,26	
14,675	-0,28	
14,68	-0,29	
14,685	-0,31	
14,69	-0,32	
14,695	-0,33	
14,7	-0,35	
14,705	-0,36	
14,71	-0,37	
14,715	-0,38	
14,72	-0,4	
14,725	-0,41	
14,73	-0,42	
14,735	-0,43	
14,74	-0,45	
14,745	-0,45	
14,75	-0,46	
14,755	-0,47	
14,76	-0,48	
14,765	-0,49	
14,77	-0,5	
14,775	-0,51	
14,78	-0,52	
14,785	-0,53	
14,79	-0,55	
14,795	-0,55	
14,8	-0,56	
14,805	-0,56	
14,81	-0,57	
14,815	-0,57	
14,82	-0,58	
14,825	-0,59	
14,83	-0,59	
14,835	-0,6	
14,84	-0,6	
14,845	-0,61	
14,85	-0,61	
14,855	-0,61	
14,86	-0,61	
14,865	-0,61	
14,87	-0,61	
14,875	-0,62	
14,88	-0,62	
14,885	-0,62	
14,89	-0,62	
14,895	-0,63	
14,9	-0,62	
14,905	-0,62	
14,91	-0,61	
14,915	-0,61	
14,92	-0,6	
14,925	-0,6	
14,93	-0,6	
14,935	-0,6	
14,94	-0,6	
14,945	-0,6	
14,95	-0,6	
14,955	-0,59	
14,96	-0,58	
14,965	-0,58	
14,97	-0,57	
14,975	-0,56	
14,98	-0,56	
14,985	-0,55	
14,99	-0,55	
14,995	-0,54	
15,0	-0,54	
15,005	-0,53	
15,01	-0,52	
15,015	-0,51	
15,02	-0,5	
15,025	-0,49	
15,03	-0,48	
15,035	-0,48	
15,04	-0,47	
15,045	-0,46	
15,05	-0,45	
15,055	-0,44	
15,06	-0,42	
15,065	-0,41	
15,07	-0,4	
15,075	-0,39	
15,08	-0,37	
15,085	-0,36	
15,09	-0,35	
15,095	-0,34	
15,1	-0,33	
15,105	-0,32	
15,11	-0,31	
15,115	-0,29	
15,12	-0,28	
15,125	-0,27	
15,13	-0,26	
15,135	-0,25	
15,14	-0,22	
15,145	-0,21	
15,15	-0,2	
15,155	-0,18	
15,16	-0,17	
15,165	-0,16	
15,17	-0,14	
15,175	-0,13	
15,18	-0,12	
15,185	-0,1	
15,19	-0,09	
15,195	-0,07	
15,2	-0,06	
15,205	-0,05	
15,21	-0,04	
15,215	-0,02	
15,22	-0,01	
15,225	0	
15,23	0,02	
15,235	0,03	
15,24	0,05	
15,245	0,06	
15,25	0,08	
15,255	0,09	
15,26	0,1	
15,265	0,12	
15,27	0,13	
15,275	0,14	
15,28	0,15	
15,285	0,16	
15,29	0,18	
15,295	0,19	
15,3	0,2	
15,305	0,22	
15,31	0,23	
15,315	0,24	
15,32	0,26	
15,325	0,27	
15,33	0,28	
15,335	0,29	
15,34	0,3	
15,345	0,31	
15,35	0,32	
15,355	0,33	
15,36	0,34	
15,365	0,34	
15,37	0,35	
15,375	0,36	
15,38	0,37	
15,385	0,38	
15,39	0,39	
15,395	0,4	
15,4	0,41	
15,405	0,41	
15,41	0,42	
15,415	0,43	
15,42	0,44	
15,425	0,44	
15,43	0,45	
15,435	0,45	
15,44	0,46	
15,445	0,46	
15,45	0,46	
15,455	0,47	
15,46	0,47	
15,465	0,48	
15,47	0,48	
15,475	0,48	
15,48	0,48	
15,485	0,49	
15,49	0,49	
15,495	0,49	
15,5	0,5	
15,505	0,5	
15,51	0,5	
15,515	0,5	
15,52	0,5	
15,525	0,5	
15,53	0,5	
15,535	0,5	
15,54	0,49	
15,545	0,49	
15,55	0,49	
15,555	0,49	
15,56	0,5	
15,565	0,49	
15,57	0,49	
15,575	0,49	
15,58	0,48	
15,585	0,48	
15,59	0,47	
15,595	0,47	
15,6	0,47	
15,605	0,47	
15,61	0,46	
15,615	0,46	
15,62	0,46	
15,625	0,44	
15,63	0,44	
15,635	0,43	
15,64	0,42	
15,645	0,41	
15,65	0,41	
15,655	0,4	
15,66	0,4	
15,665	0,39	
15,67	0,39	
15,675	0,38	
15,68	0,37	
15,685	0,35	
15,69	0,34	
15,695	0,34	
15,7	0,33	
15,705	0,32	
15,71	0,31	
15,715	0,3	
15,72	0,29	
15,725	0,28	
15,73	0,26	
15,735	0,26	
15,74	0,25	
15,745	0,24	
15,75	0,23	
15,755	0,23	
15,76	0,22	
15,765	0,21	
15,77	0,19	
15,775	0,18	
15,78	0,17	
15,785	0,15	
15,79	0,14	
15,795	0,13	
15,8	0,12	
15,805	0,11	
15,81	0,11	
15,815	0,1	
15,82	0,08	
15,825	0,07	
15,83	0,06	
15,835	0,05	
15,84	0,04	
15,845	0,03	
15,85	0,02	
15,855	0,01	
15,86	0	
15,865	-0,01	
15,87	-0,03	
15,875	-0,04	
15,88	-0,05	
15,885	-0,06	
15,89	-0,07	
15,895	-0,07	
15,9	-0,08	
15,905	-0,09	
15,91	-0,11	
15,915	-0,12	
15,92	-0,13	
15,925	-0,14	
15,93	-0,15	
15,935	-0,16	
15,94	-0,16	
15,945	-0,17	
15,95	-0,18	
15,955	-0,18	
15,96	-0,19	
15,965	-0,21	
15,97	-0,21	
15,975	-0,22	
15,98	-0,22	
15,985	-0,23	
15,99	-0,24	
15,995	-0,25	
16,0	-0,25	
16,005	-0,26	
16,01	-0,27	
16,015	-0,28	
16,02	-0,28	
16,025	-0,29	
16,03	-0,29	
16,035	-0,3	
16,04	-0,3	
16,045	-0,31	
16,05	-0,31	
16,055	-0,32	
16,06	-0,32	
16,065	-0,33	
16,07	-0,33	
16,075	-0,34	
16,08	-0,34	
16,085	-0,34	
16,09	-0,34	
16,095	-0,35	
16,1	-0,35	
16,105	-0,35	
16,11	-0,36	
16,115	-0,36	
16,12	-0,36	
16,125	-0,36	
16,13	-0,36	
16,135	-0,36	
16,14	-0,36	
16,145	-0,36	
16,15	-0,36	
16,155	-0,36	
16,16	-0,36	
16,165	-0,36	
16,17	-0,37	
16,175	-0,37	
16,18	-0,36	
16,185	-0,36	
16,19	-0,36	
16,195	-0,36	
16,2	-0,36	
16,205	-0,35	
16,21	-0,35	
16,215	-0,35	
16,22	-0,34	
16,225	-0,34	
16,23	-0,34	
16,235	-0,34	
16,24	-0,34	
16,245	-0,34	
16,25	-0,33	
16,255	-0,33	
16,26	-0,32	
16,265	-0,31	
16,27	-0,3	
16,275	-0,3	
16,28	-0,3	
16,285	-0,29	
16,29	-0,29	
16,295	-0,28	
16,3	-0,28	
16,305	-0,27	
16,31	-0,27	
16,315	-0,26	
16,32	-0,25	
16,325	-0,25	
16,33	-0,24	
16,335	-0,23	
16,34	-0,23	
16,345	-0,22	
16,35	-0,22	
16,355	-0,21	
16,36	-0,21	
16,365	-0,2	
16,37	-0,19	
16,375	-0,18	
16,38	-0,18	
16,385	-0,17	
16,39	-0,16	
16,395	-0,15	
16,4	-0,15	
16,405	-0,14	
16,41	-0,14	
16,415	-0,13	
16,42	-0,12	
16,425	-0,12	
16,43	-0,11	
16,435	-0,1	
16,44	-0,09	
16,445	-0,08	
16,45	-0,07	
16,455	-0,07	
16,46	-0,07	
16,465	-0,06	
16,47	-0,05	
16,475	-0,04	
16,48	-0,03	
16,485	-0,02	
16,49	-0,02	
16,495	-0,01	
16,5	-0,01	
16,505	0	
16,51	0,01	
16,515	0,02	
16,52	0,03	
16,525	0,03	
16,53	0,04	
16,535	0,05	
16,54	0,06	
16,545	0,06	
16,55	0,07	
16,555	0,07	
16,56	0,08	
16,565	0,08	
16,57	0,08	
16,575	0,09	
16,58	0,1	
16,585	0,1	
16,59	0,11	
16,595	0,11	
16,6	0,12	
16,605	0,12	
16,61	0,13	
16,615	0,14	
16,62	0,14	
16,625	0,14	
16,63	0,15	
16,635	0,15	
16,64	0,16	
16,645	0,17	
16,65	0,17	
16,655	0,17	
16,66	0,17	
16,665	0,17	
16,67	0,18	
16,675	0,18	
16,68	0,19	
16,685	0,19	
16,69	0,19	
16,695	0,2	
16,7	0,2	
16,705	0,2	
16,71	0,2	
16,715	0,2	
16,72	0,21	
16,725	0,21	
16,73	0,21	
16,735	0,21	
16,74	0,21	
16,745	0,21	
16,75	0,21	
16,755	0,22	
16,76	0,22	
16,765	0,22	
16,77	0,22	
16,775	0,22	
16,78	0,22	
16,785	0,22	
16,79	0,22	
16,795	0,22	
16,8	0,22	
16,805	0,22	
16,81	0,22	
16,815	0,22	
16,82	0,22	
16,825	0,22	
16,83	0,21	
16,835	0,21	
16,84	0,21	
16,845	0,21	
16,85	0,21	
16,855	0,21	
16,86	0,2	
16,865	0,2	
16,87	0,2	
16,875	0,2	
16,88	0,2	
16,885	0,2	
16,89	0,19	
16,895	0,19	
16,9	0,19	
16,905	0,19	
16,91	0,18	
16,915	0,18	
16,92	0,18	
16,925	0,18	
16,93	0,18	
16,935	0,17	
16,94	0,17	
16,945	0,16	
16,95	0,16	
16,955	0,16	
16,96	0,16	
16,965	0,15	
16,97	0,15	
16,975	0,15	
16,98	0,14	
16,985	0,14	
16,99	0,14	
16,995	0,13	
17,0	0,12	
17,005	0,12	
17,01	0,12	
17,015	0,11	
17,02	0,11	
17,025	0,11	
17,03	0,1	
17,035	0,1	
17,04	0,09	
17,045	0,09	
17,05	0,09	
17,055	0,08	
17,06	0,08	
17,065	0,08	
17,07	0,07	
17,075	0,07	
17,08	0,07	
17,085	0,06	
17,09	0,06	
17,095	0,06	
17,1	0,05	
17,105	0,05	
17,11	0,04	
17,115	0,04	
17,12	0,04	
17,125	0,03	
17,13	0,03	
17,135	0,03	
17,14	0,03	
17,145	0,02	
17,15	0,02	
17,155	0,01	
17,16	0,01	
17,165	0	
17,17	0	
17,175	0	
17,18	0	
17,185	0	
17,19	-0,01	
17,195	-0,01	
17,2	-0,02	
17,205	-0,02	
17,21	-0,02	
17,215	-0,03	
17,22	-0,03	
17,225	-0,03	
17,23	-0,03	
17,235	-0,03	
17,24	-0,03	
17,245	-0,04	
17,25	-0,04	
17,255	-0,04	
17,26	-0,04	
17,265	-0,04	
17,27	-0,04	
17,275	-0,04	
17,28	-0,04	
17,285	-0,05	
17,29	-0,05	
17,295	-0,05	
17,3	-0,05	
17,305	-0,05	
17,31	-0,06	
17,315	-0,06	
17,32	-0,06	
17,325	-0,06	
17,33	-0,06	
17,335	-0,06	
17,34	-0,06	
17,345	-0,06	
17,35	-0,06	
17,355	-0,06	
17,36	-0,06	
17,365	-0,06	
17,37	-0,06	
17,375	-0,06	
17,38	-0,07	
17,385	-0,07	
17,39	-0,07	
17,395	-0,07	
17,4	-0,07	
17,405	-0,07	
17,41	-0,06	
17,415	-0,07	
17,42	-0,07	
17,425	-0,06	
17,43	-0,06	
17,435	-0,07	
17,44	-0,07	
17,445	-0,07	
17,45	-0,07	
17,455	-0,07	
17,46	-0,07	
17,465	-0,06	
17,47	-0,06	
17,475	-0,06	
17,48	-0,06	
17,485	-0,07	
17,49	-0,07	
17,495	-0,07	
17,5	-0,07	
17,505	-0,06	
17,51	-0,06	
17,515	-0,05	
17,52	-0,05	
17,525	-0,05	
17,53	-0,06	
17,535	-0,06	
17,54	-0,06	
17,545	-0,06	
17,55	-0,06	
17,555	-0,06	
17,56	-0,06	
17,565	-0,06	
17,57	-0,05	
17,575	-0,06	
17,58	-0,06	
17,585	-0,06	
17,59	-0,06	
17,595	-0,06	
17,6	-0,06	
17,605	-0,06	
17,61	-0,06	
17,615	-0,05	
17,62	-0,05	
17,625	-0,05	
17,63	-0,05	
17,635	-0,05	
17,64	-0,05	
17,645	-0,06	
17,65	-0,05	
17,655	-0,05	
17,66	-0,05	
17,665	-0,05	
17,67	-0,05	
17,675	-0,05	
17,68	-0,06	
17,685	-0,06	
17,69	-0,06	
17,695	-0,06	
17,7	-0,06	
17,705	-0,05	
17,71	-0,05	
17,715	-0,05	
17,72	-0,05	
17,725	-0,06	
17,73	-0,06	
17,735	-0,06	
17,74	-0,06	
17,745	-0,06	
17,75	-0,06	
17,755	-0,06	
17,76	-0,06	
17,765	-0,06	
17,77	-0,05	
17,775	-0,06	
17,78	-0,06	
17,785	-0,06	
17,79	-0,06	
17,795	-0,06	
17,8	-0,06	
17,805	-0,07	
17,81	-0,07	
17,815	-0,06	
17,82	-0,07	
17,825	-0,06	
17,83	-0,06	
17,835	-0,06	
17,84	-0,07	
17,845	-0,07	
17,85	-0,07	
17,855	-0,07	
17,86	-0,07	
17,865	-0,07	
17,87	-0,07	
17,875	-0,07	
17,88	-0,07	
17,885	-0,07	
17,89	-0,07	
17,895	-0,07	
17,9	-0,08	
17,905	-0,08	
17,91	-0,08	
17,915	-0,08	
17,92	-0,08	
17,925	-0,08	
17,93	-0,08	
17,935	-0,08	
17,94	-0,08	
17,945	-0,08	
17,95	-0,08	
17,955	-0,08	
17,96	-0,07	
17,965	-0,08	
17,97	-0,08	
17,975	-0,09	
17,98	-0,09	
17,985	-0,09	
17,99	-0,09	
17,995	-0,08	
18,0	-0,08	
18,005	-0,08	
18,01	-0,08	
18,015	-0,08	
18,02	-0,08	
18,025	-0,09	
18,03	-0,09	
18,035	-0,09	
18,04	-0,09	
18,045	-0,09	
18,05	-0,09	
18,055	-0,08	
18,06	-0,08	
18,065	-0,08	
18,07	-0,09	
18,075	-0,09	
18,08	-0,09	
18,085	-0,09	
18,09	-0,09	
18,095	-0,08	
18,1	-0,08	
18,105	-0,08	
18,11	-0,07	
18,115	-0,07	
18,12	-0,07	
18,125	-0,08	
18,13	-0,08	
18,135	-0,08	
18,14	-0,08	
18,145	-0,07	
18,15	-0,07	
18,155	-0,06	
18,16	-0,06	
18,165	-0,06	
18,17	-0,06	
18,175	-0,06	
18,18	-0,06	
18,185	-0,05	
18,19	-0,05	
18,195	-0,05	
18,2	-0,05	
18,205	-0,04	
18,21	-0,05	
18,215	-0,04	
18,22	-0,04	
18,225	-0,04	
18,23	-0,04	
18,235	-0,04	
18,24	-0,03	
18,245	-0,03	
18,25	-0,02	
18,255	-0,02	
18,26	-0,02	
18,265	-0,01	
18,27	-0,01	
18,275	-0,01	
18,28	0	
18,285	0	
18,29	0,01	
18,295	0,01	
18,3	0,01	
18,305	0,02	
18,31	0,02	
18,315	0,02	
18,32	0,02	
18,325	0,03	
18,33	0,03	
18,335	0,04	
18,34	0,05	
18,345	0,06	
18,35	0,06	
18,355	0,06	
18,36	0,06	
18,365	0,06	
18,37	0,06	
18,375	0,07	
18,38	0,08	
18,385	0,08	
18,39	0,09	
18,395	0,09	
18,4	0,1	
18,405	0,1	
18,41	0,1	
18,415	0,1	
18,42	0,1	
18,425	0,11	
18,43	0,11	
18,435	0,12	
18,44	0,13	
18,445	0,13	
18,45	0,13	
18,455	0,14	
18,46	0,14	
18,465	0,14	
18,47	0,14	
18,475	0,15	
18,48	0,15	
18,485	0,16	
18,49	0,16	
18,495	0,16	
18,5	0,17	
18,505	0,17	
18,51	0,17	
18,515	0,17	
18,52	0,17	
18,525	0,18	
18,53	0,18	
18,535	0,19	
18,54	0,2	
18,545	0,2	
18,55	0,2	
18,555	0,2	
18,56	0,2	
18,565	0,21	
18,57	0,21	
18,575	0,21	
18,58	0,21	
18,585	0,22	
18,59	0,22	
18,595	0,22	
18,6	0,22	
18,605	0,22	
18,61	0,22	
18,615	0,23	
18,62	0,23	
18,625	0,23	
18,63	0,23	
18,635	0,23	
18,64	0,23	
18,645	0,23	
18,65	0,23	
18,655	0,24	
18,66	0,24	
18,665	0,24	
18,67	0,24	
18,675	0,24	
18,68	0,24	
18,685	0,23	
18,69	0,23	
18,695	0,24	
18,7	0,23	
18,705	0,23	
18,71	0,23	
18,715	0,23	
18,72	0,22	
18,725	0,22	
18,73	0,22	
18,735	0,22	
18,74	0,22	
18,745	0,21	
18,75	0,21	
18,755	0,21	
18,76	0,2	
18,765	0,2	
18,77	0,2	
18,775	0,2	
18,78	0,19	
18,785	0,19	
18,79	0,19	
18,795	0,18	
18,8	0,18	
18,805	0,18	
18,81	0,17	
18,815	0,16	
18,82	0,16	
18,825	0,16	
18,83	0,15	
18,835	0,15	
18,84	0,14	
18,845	0,14	
18,85	0,13	
18,855	0,12	
18,86	0,11	
18,865	0,11	
18,87	0,1	
18,875	0,1	
18,88	0,1	
18,885	0,09	
18,89	0,09	
18,895	0,08	
18,9	0,07	
18,905	0,06	
18,91	0,06	
18,915	0,05	
18,92	0,04	
18,925	0,04	
18,93	0,04	
18,935	0,03	
18,94	0,02	
18,945	0,01	
18,95	0	
18,955	-0,01	
18,96	-0,02	
18,965	-0,02	
18,97	-0,03	
18,975	-0,03	
18,98	-0,04	
18,985	-0,04	
18,99	-0,05	
18,995	-0,06	
19,0	-0,07	
19,005	-0,08	
19,01	-0,09	
19,015	-0,09	
19,02	-0,1	
19,025	-0,11	
19,03	-0,11	
19,035	-0,12	
19,04	-0,13	
19,045	-0,14	
19,05	-0,15	
19,055	-0,16	
19,06	-0,17	
19,065	-0,18	
19,07	-0,18	
19,075	-0,19	
19,08	-0,19	
19,085	-0,19	
19,09	-0,2	
19,095	-0,21	
19,1	-0,22	
19,105	-0,23	
19,11	-0,24	
19,115	-0,24	
19,12	-0,25	
19,125	-0,25	
19,13	-0,26	
19,135	-0,27	
19,14	-0,28	
19,145	-0,28	
19,15	-0,29	
19,155	-0,3	
19,16	-0,3	
19,165	-0,3	
19,17	-0,31	
19,175	-0,31	
19,18	-0,31	
19,185	-0,32	
19,19	-0,33	
19,195	-0,34	
19,2	-0,34	
19,205	-0,34	
19,21	-0,35	
19,215	-0,35	
19,22	-0,35	
19,225	-0,35	
19,23	-0,35	
19,235	-0,36	
19,24	-0,36	
19,245	-0,36	
19,25	-0,37	
19,255	-0,37	
19,26	-0,37	
19,265	-0,37	
19,27	-0,37	
19,275	-0,37	
19,28	-0,37	
19,285	-0,38	
19,29	-0,38	
19,295	-0,38	
19,3	-0,38	
19,305	-0,38	
19,31	-0,37	
19,315	-0,37	
19,32	-0,37	
19,325	-0,37	
19,33	-0,37	
19,335	-0,37	
19,34	-0,37	
19,345	-0,37	
19,35	-0,36	
19,355	-0,36	
19,36	-0,36	
19,365	-0,35	
19,37	-0,35	
19,375	-0,34	
19,38	-0,34	
19,385	-0,34	
19,39	-0,33	
19,395	-0,33	
19,4	-0,32	
19,405	-0,32	
19,41	-0,31	
19,415	-0,31	
19,42	-0,3	
19,425	-0,29	
19,43	-0,29	
19,435	-0,28	
19,44	-0,27	
19,445	-0,27	
19,45	-0,27	
19,455	-0,26	
19,46	-0,26	
19,465	-0,25	
19,47	-0,24	
19,475	-0,23	
19,48	-0,22	
19,485	-0,21	
19,49	-0,2	
19,495	-0,2	
19,5	-0,19	
19,505	-0,18	
19,51	-0,17	
19,515	-0,16	
19,52	-0,15	
19,525	-0,14	
19,53	-0,13	
19,535	-0,12	
19,54	-0,11	
19,545	-0,1	
19,55	-0,09	
19,555	-0,08	
19,56	-0,07	
19,565	-0,06	
19,57	-0,05	
19,575	-0,04	
19,58	-0,03	
19,585	-0,02	
19,59	-0,01	
19,595	0,01	
19,6	0,02	
19,605	0,03	
19,61	0,04	
19,615	0,05	
19,62	0,06	
19,625	0,07	
19,63	0,08	
19,635	0,09	
19,64	0,1	
19,645	0,11	
19,65	0,12	
19,655	0,13	
19,66	0,14	
19,665	0,15	
19,67	0,17	
19,675	0,18	
19,68	0,19	
19,685	0,2	
19,69	0,21	
19,695	0,22	
19,7	0,23	
19,705	0,24	
19,71	0,25	
19,715	0,27	
19,72	0,27	
19,725	0,28	
19,73	0,29	
19,735	0,29	
19,74	0,3	
19,745	0,31	
19,75	0,33	
19,755	0,34	
19,76	0,35	
19,765	0,36	
19,77	0,37	
19,775	0,38	
19,78	0,38	
19,785	0,38	
19,79	0,39	
19,795	0,4	
19,8	0,41	
19,805	0,42	
19,81	0,42	
19,815	0,43	
19,82	0,44	
19,825	0,45	
19,83	0,45	
19,835	0,46	
19,84	0,46	
19,845	0,46	
19,85	0,47	
19,855	0,47	
19,86	0,48	
19,865	0,48	
19,87	0,49	
19,875	0,49	
19,88	0,49	
19,885	0,49	
19,89	0,49	
19,895	0,5	
19,9	0,5	
19,905	0,5	
19,91	0,51	
19,915	0,51	
19,92	0,51	
19,925	0,5	
19,93	0,5	
19,935	0,49	
19,94	0,49	
19,945	0,49	
19,95	0,49	
19,955	0,5	
19,96	0,5	
19,965	0,5	
19,97	0,5	
19,975	0,49	
19,98	0,49	
19,985	0,48	
19,99	0,48	
19,995	0,47	
20,0	0,47	
20,005	0,46	
20,01	0,46	
20,015	0,46	
20,02	0,45	
20,025	0,44	
20,03	0,44	
20,035	0,43	
20,04	0,43	
20,045	0,42	
20,05	0,41	
20,055	0,4	
20,06	0,4	
20,065	0,39	
20,07	0,38	
20,075	0,37	
20,08	0,36	
20,085	0,35	
20,09	0,34	
20,095	0,33	
20,1	0,32	
20,105	0,31	
20,11	0,3	
20,115	0,29	
20,12	0,28	
20,125	0,27	
20,13	0,25	
20,135	0,24	
20,14	0,23	
20,145	0,22	
20,15	0,21	
20,155	0,2	
20,16	0,19	
20,165	0,17	
20,17	0,16	
20,175	0,15	
20,18	0,13	
20,185	0,12	
20,19	0,11	
20,195	0,09	
20,2	0,08	
20,205	0,07	
20,21	0,06	
20,215	0,05	
20,22	0,03	
20,225	0,01	
20,23	0	
