t, ñ	wz	
5,855	-0,77	
5,86	-0,76	
5,865	-0,76	
5,87	-0,75	
5,875	-0,74	
5,88	-0,72	
5,885	-0,71	
5,89	-0,69	
5,895	-0,67	
5,9	-0,66	
5,905	-0,64	
5,91	-0,63	
5,915	-0,61	
5,92	-0,6	
5,925	-0,59	
5,93	-0,57	
5,935	-0,55	
5,94	-0,53	
5,945	-0,51	
5,95	-0,49	
5,955	-0,48	
5,96	-0,45	
5,965	-0,44	
5,97	-0,42	
5,975	-0,41	
5,98	-0,39	
5,985	-0,37	
5,99	-0,35	
5,995	-0,32	
6,0	-0,3	
6,005	-0,27	
6,01	-0,25	
6,015	-0,23	
6,02	-0,21	
6,025	-0,19	
6,03	-0,17	
6,035	-0,15	
6,04	-0,13	
6,045	-0,11	
6,05	-0,08	
6,055	-0,06	
6,06	-0,03	
6,065	-0,01	
6,07	0,01	
6,075	0,03	
6,08	0,05	
6,085	0,07	
6,09	0,09	
6,095	0,12	
6,1	0,14	
6,105	0,16	
6,11	0,19	
6,115	0,21	
6,12	0,23	
6,125	0,25	
6,13	0,27	
6,135	0,29	
6,14	0,32	
6,145	0,34	
6,15	0,35	
6,155	0,37	
6,16	0,39	
6,165	0,41	
6,17	0,43	
6,175	0,46	
6,18	0,48	
6,185	0,51	
6,19	0,52	
6,195	0,54	
6,2	0,55	
6,205	0,56	
6,21	0,58	
6,215	0,6	
6,22	0,61	
6,225	0,63	
6,23	0,65	
6,235	0,67	
6,24	0,69	
6,245	0,7	
6,25	0,71	
6,255	0,72	
6,26	0,73	
6,265	0,74	
6,27	0,75	
6,275	0,77	
6,28	0,79	
6,285	0,8	
6,29	0,81	
6,295	0,82	
6,3	0,82	
6,305	0,83	
6,31	0,83	
6,315	0,83	
6,32	0,84	
6,325	0,86	
6,33	0,87	
6,335	0,88	
6,34	0,88	
6,345	0,89	
6,35	0,89	
6,355	0,89	
6,36	0,89	
6,365	0,89	
6,37	0,89	
6,375	0,9	
6,38	0,9	
6,385	0,9	
6,39	0,9	
6,395	0,9	
6,4	0,9	
6,405	0,89	
6,41	0,89	
6,415	0,88	
6,42	0,88	
6,425	0,87	
6,43	0,88	
6,435	0,87	
6,44	0,87	
6,445	0,86	
6,45	0,85	
6,455	0,84	
6,46	0,83	
6,465	0,82	
6,47	0,81	
6,475	0,81	
6,48	0,8	
6,485	0,79	
6,49	0,78	
6,495	0,77	
6,5	0,76	
6,505	0,74	
6,51	0,73	
6,515	0,71	
6,52	0,7	
6,525	0,69	
6,53	0,68	
6,535	0,66	
6,54	0,64	
6,545	0,62	
6,55	0,6	
6,555	0,59	
6,56	0,57	
6,565	0,56	
6,57	0,55	
6,575	0,53	
6,58	0,51	
6,585	0,49	
6,59	0,47	
6,595	0,44	
6,6	0,42	
6,605	0,4	
6,61	0,39	
6,615	0,37	
6,62	0,35	
6,625	0,33	
6,63	0,31	
6,635	0,29	
6,64	0,25	
6,645	0,23	
6,65	0,21	
6,655	0,19	
6,66	0,18	
6,665	0,16	
6,67	0,15	
6,675	0,13	
6,68	0,1	
6,685	0,08	
6,69	0,04	
6,695	0,01	
6,7	-0,01	
6,705	-0,03	
6,71	-0,05	
6,715	-0,06	
6,72	-0,08	
6,725	-0,1	
6,73	-0,12	
6,735	-0,16	
6,74	-0,19	
6,745	-0,21	
6,75	-0,23	
6,755	-0,25	
6,76	-0,27	
6,765	-0,28	
6,77	-0,3	
6,775	-0,31	
6,78	-0,34	
6,785	-0,36	
6,79	-0,39	
6,795	-0,41	
6,8	-0,43	
6,805	-0,45	
6,81	-0,47	
6,815	-0,48	
6,82	-0,49	
6,825	-0,51	
6,83	-0,53	
6,835	-0,54	
6,84	-0,57	
6,845	-0,59	
6,85	-0,61	
6,855	-0,63	
6,86	-0,64	
6,865	-0,65	
6,87	-0,67	
6,875	-0,68	
6,88	-0,69	
6,885	-0,7	
6,89	-0,71	
6,895	-0,73	
6,9	-0,75	
6,905	-0,76	
6,91	-0,77	
6,915	-0,78	
6,92	-0,79	
6,925	-0,79	
6,93	-0,8	
6,935	-0,81	
6,94	-0,82	
6,945	-0,83	
6,95	-0,84	
6,955	-0,85	
6,96	-0,86	
6,965	-0,87	
6,97	-0,87	
6,975	-0,87	
6,98	-0,87	
6,985	-0,87	
6,99	-0,87	
6,995	-0,88	
7,0	-0,88	
7,005	-0,88	
7,01	-0,89	
7,015	-0,89	
7,02	-0,89	
7,025	-0,89	
7,03	-0,89	
7,035	-0,88	
7,04	-0,88	
7,045	-0,87	
7,05	-0,87	
7,055	-0,86	
7,06	-0,86	
7,065	-0,86	
7,07	-0,85	
7,075	-0,85	
7,08	-0,84	
7,085	-0,84	
7,09	-0,83	
7,095	-0,81	
7,1	-0,8	
7,105	-0,79	
7,11	-0,78	
7,115	-0,77	
7,12	-0,76	
7,125	-0,76	
7,13	-0,75	
7,135	-0,74	
7,14	-0,73	
7,145	-0,7	
7,15	-0,68	
7,155	-0,67	
7,16	-0,66	
7,165	-0,64	
7,17	-0,63	
7,175	-0,62	
7,18	-0,61	
7,185	-0,6	
7,19	-0,57	
7,195	-0,55	
7,2	-0,53	
7,205	-0,51	
7,21	-0,49	
7,215	-0,48	
7,22	-0,47	
7,225	-0,45	
7,23	-0,44	
7,235	-0,42	
7,24	-0,4	
7,245	-0,37	
7,25	-0,35	
7,255	-0,33	
7,26	-0,3	
7,265	-0,28	
7,27	-0,27	
7,275	-0,25	
7,28	-0,23	
7,285	-0,21	
7,29	-0,19	
7,295	-0,17	
7,3	-0,14	
7,305	-0,12	
7,31	-0,1	
7,315	-0,08	
7,32	-0,06	
7,325	-0,03	
7,33	-0,01	
7,335	0,01	
7,34	0,03	
7,345	0,05	
7,35	0,07	
7,355	0,09	
7,36	0,11	
7,365	0,13	
7,37	0,16	
7,375	0,18	
7,38	0,2	
7,385	0,22	
7,39	0,24	
7,395	0,25	
7,4	0,27	
7,405	0,3	
7,41	0,32	
7,415	0,35	
7,42	0,37	
7,425	0,39	
7,43	0,4	
7,435	0,42	
7,44	0,44	
7,445	0,45	
7,45	0,47	
7,455	0,48	
7,46	0,51	
7,465	0,53	
7,47	0,54	
7,475	0,56	
7,48	0,57	
7,485	0,59	
7,49	0,6	
7,495	0,62	
7,5	0,63	
7,505	0,65	
7,51	0,66	
7,515	0,67	
7,52	0,68	
7,525	0,69	
7,53	0,7	
7,535	0,71	
7,54	0,72	
7,545	0,73	
7,55	0,75	
7,555	0,76	
7,56	0,77	
7,565	0,78	
7,57	0,78	
7,575	0,79	
7,58	0,79	
7,585	0,8	
7,59	0,81	
7,595	0,82	
7,6	0,82	
7,605	0,83	
7,61	0,83	
7,615	0,83	
7,62	0,83	
7,625	0,83	
7,63	0,84	
7,635	0,84	
7,64	0,84	
7,645	0,84	
7,65	0,85	
7,655	0,85	
7,66	0,84	
7,665	0,84	
7,67	0,83	
7,675	0,83	
7,68	0,83	
7,685	0,82	
7,69	0,83	
7,695	0,83	
7,7	0,82	
7,705	0,81	
7,71	0,8	
7,715	0,79	
7,72	0,78	
7,725	0,77	
7,73	0,76	
7,735	0,75	
7,74	0,74	
7,745	0,74	
7,75	0,73	
7,755	0,72	
7,76	0,71	
7,765	0,7	
7,77	0,68	
7,775	0,67	
7,78	0,65	
7,785	0,64	
7,79	0,63	
7,795	0,62	
7,8	0,61	
7,805	0,6	
7,81	0,58	
7,815	0,57	
7,82	0,55	
7,825	0,52	
7,83	0,5	
7,835	0,49	
7,84	0,47	
7,845	0,46	
7,85	0,45	
7,855	0,43	
7,86	0,42	
7,865	0,4	
7,87	0,37	
7,875	0,35	
7,88	0,33	
7,885	0,31	
7,89	0,29	
7,895	0,27	
7,9	0,26	
7,905	0,24	
7,91	0,22	
7,915	0,2	
7,92	0,18	
7,925	0,16	
7,93	0,14	
7,935	0,12	
7,94	0,1	
7,945	0,08	
7,95	0,06	
7,955	0,05	
7,96	0,02	
7,965	0	
7,97	-0,02	
7,975	-0,04	
7,98	-0,06	
7,985	-0,08	
7,99	-0,1	
7,995	-0,12	
8,0	-0,14	
8,005	-0,16	
8,01	-0,18	
8,015	-0,2	
8,02	-0,21	
8,025	-0,23	
8,03	-0,25	
8,035	-0,27	
8,04	-0,29	
8,045	-0,31	
8,05	-0,33	
8,055	-0,35	
8,06	-0,37	
8,065	-0,39	
8,07	-0,4	
8,075	-0,41	
8,08	-0,42	
8,085	-0,44	
8,09	-0,45	
8,095	-0,47	
8,1	-0,5	
8,105	-0,51	
8,11	-0,53	
8,115	-0,54	
8,12	-0,55	
8,125	-0,56	
8,13	-0,58	
8,135	-0,59	
8,14	-0,6	
8,145	-0,62	
8,15	-0,63	
8,155	-0,64	
8,16	-0,66	
8,165	-0,67	
8,17	-0,67	
8,175	-0,68	
8,18	-0,69	
8,185	-0,69	
8,19	-0,7	
8,195	-0,71	
8,2	-0,72	
8,205	-0,73	
8,21	-0,74	
8,215	-0,75	
8,22	-0,75	
8,225	-0,75	
8,23	-0,75	
8,235	-0,76	
8,24	-0,76	
8,245	-0,76	
8,25	-0,77	
8,255	-0,77	
8,26	-0,78	
8,265	-0,78	
8,27	-0,78	
8,275	-0,78	
8,28	-0,77	
8,285	-0,77	
8,29	-0,77	
8,295	-0,77	
8,3	-0,77	
8,305	-0,77	
8,31	-0,77	
8,315	-0,77	
8,32	-0,76	
8,325	-0,75	
8,33	-0,75	
8,335	-0,74	
8,34	-0,73	
8,345	-0,73	
8,35	-0,72	
8,355	-0,71	
8,36	-0,71	
8,365	-0,7	
8,37	-0,69	
8,375	-0,68	
8,38	-0,67	
8,385	-0,66	
8,39	-0,65	
8,395	-0,64	
8,4	-0,63	
8,405	-0,62	
8,41	-0,61	
8,415	-0,6	
8,42	-0,59	
8,425	-0,57	
8,43	-0,56	
8,435	-0,55	
8,44	-0,53	
8,445	-0,52	
8,45	-0,51	
8,455	-0,5	
8,46	-0,48	
8,465	-0,46	
8,47	-0,44	
8,475	-0,43	
8,48	-0,41	
8,485	-0,4	
8,49	-0,38	
8,495	-0,37	
8,5	-0,35	
8,505	-0,34	
8,51	-0,31	
8,515	-0,3	
8,52	-0,28	
8,525	-0,26	
8,53	-0,25	
8,535	-0,23	
8,54	-0,22	
8,545	-0,2	
8,55	-0,18	
8,555	-0,16	
8,56	-0,14	
8,565	-0,12	
8,57	-0,1	
8,575	-0,09	
8,58	-0,07	
8,585	-0,05	
8,59	-0,04	
8,595	-0,02	
8,6	0	
8,605	0,02	
8,61	0,04	
8,615	0,06	
8,62	0,08	
8,625	0,1	
8,63	0,11	
8,635	0,13	
8,64	0,14	
8,645	0,16	
8,65	0,18	
8,655	0,2	
8,66	0,21	
8,665	0,23	
8,67	0,25	
8,675	0,26	
8,68	0,28	
8,685	0,29	
8,69	0,32	
8,695	0,33	
8,7	0,35	
8,705	0,36	
8,71	0,37	
8,715	0,39	
8,72	0,4	
8,725	0,41	
8,73	0,43	
8,735	0,45	
8,74	0,46	
8,745	0,47	
8,75	0,48	
8,755	0,49	
8,76	0,5	
8,765	0,52	
8,77	0,53	
8,775	0,54	
8,78	0,56	
8,785	0,56	
8,79	0,57	
8,795	0,58	
8,8	0,59	
8,805	0,6	
8,81	0,61	
8,815	0,61	
8,82	0,62	
8,825	0,63	
8,83	0,64	
8,835	0,64	
8,84	0,65	
8,845	0,66	
8,85	0,66	
8,855	0,66	
8,86	0,67	
8,865	0,67	
8,87	0,67	
8,875	0,67	
8,88	0,68	
8,885	0,68	
8,89	0,68	
8,895	0,68	
8,9	0,68	
8,905	0,68	
8,91	0,69	
8,915	0,68	
8,92	0,68	
8,925	0,68	
8,93	0,68	
8,935	0,67	
8,94	0,67	
8,945	0,67	
8,95	0,66	
8,955	0,66	
8,96	0,66	
8,965	0,65	
8,97	0,64	
8,975	0,64	
8,98	0,63	
8,985	0,63	
8,99	0,62	
8,995	0,62	
9,0	0,61	
9,005	0,61	
9,01	0,6	
9,015	0,59	
9,02	0,58	
9,025	0,57	
9,03	0,56	
9,035	0,54	
9,04	0,54	
9,045	0,53	
9,05	0,52	
9,055	0,51	
9,06	0,5	
9,065	0,49	
9,07	0,47	
9,075	0,46	
9,08	0,45	
9,085	0,44	
9,09	0,43	
9,095	0,41	
9,1	0,39	
9,105	0,38	
9,11	0,37	
9,115	0,36	
9,12	0,35	
9,125	0,33	
9,13	0,32	
9,135	0,3	
9,14	0,29	
9,145	0,26	
9,15	0,25	
9,155	0,24	
9,16	0,23	
9,165	0,21	
9,17	0,2	
9,175	0,18	
9,18	0,16	
9,185	0,15	
9,19	0,13	
9,195	0,11	
9,2	0,1	
9,205	0,08	
9,21	0,07	
9,215	0,05	
9,22	0,04	
9,225	0,03	
9,23	0,01	
9,235	-0,01	
9,24	-0,03	
9,245	-0,04	
9,25	-0,06	
9,255	-0,07	
9,26	-0,09	
9,265	-0,1	
9,27	-0,11	
9,275	-0,13	
9,28	-0,15	
9,285	-0,16	
9,29	-0,18	
9,295	-0,19	
9,3	-0,21	
9,305	-0,22	
9,31	-0,23	
9,315	-0,25	
9,32	-0,26	
9,325	-0,27	
9,33	-0,28	
9,335	-0,29	
9,34	-0,31	
9,345	-0,32	
9,35	-0,34	
9,355	-0,35	
9,36	-0,36	
9,365	-0,37	
9,37	-0,38	
9,375	-0,39	
9,38	-0,4	
9,385	-0,41	
9,39	-0,42	
9,395	-0,43	
9,4	-0,44	
9,405	-0,45	
9,41	-0,46	
9,415	-0,47	
9,42	-0,48	
9,425	-0,49	
9,43	-0,49	
9,435	-0,49	
9,44	-0,5	
9,445	-0,51	
9,45	-0,51	
9,455	-0,52	
9,46	-0,53	
9,465	-0,54	
9,47	-0,54	
9,475	-0,55	
9,48	-0,55	
9,485	-0,56	
9,49	-0,56	
9,495	-0,56	
9,5	-0,56	
9,505	-0,56	
9,51	-0,57	
9,515	-0,57	
9,52	-0,57	
9,525	-0,58	
9,53	-0,58	
9,535	-0,57	
9,54	-0,57	
9,545	-0,57	
9,55	-0,57	
9,555	-0,57	
9,56	-0,57	
9,565	-0,57	
9,57	-0,56	
9,575	-0,56	
9,58	-0,56	
9,585	-0,56	
9,59	-0,56	
9,595	-0,55	
9,6	-0,54	
9,605	-0,54	
9,61	-0,53	
9,615	-0,53	
9,62	-0,52	
9,625	-0,52	
9,63	-0,52	
9,635	-0,51	
9,64	-0,51	
9,645	-0,49	
9,65	-0,49	
9,655	-0,47	
9,66	-0,47	
9,665	-0,46	
9,67	-0,45	
9,675	-0,45	
9,68	-0,44	
9,685	-0,43	
9,69	-0,42	
9,695	-0,41	
9,7	-0,4	
9,705	-0,38	
9,71	-0,37	
9,715	-0,37	
9,72	-0,36	
9,725	-0,35	
9,73	-0,34	
9,735	-0,33	
9,74	-0,32	
9,745	-0,3	
9,75	-0,29	
9,755	-0,28	
9,76	-0,26	
9,765	-0,25	
9,77	-0,25	
9,775	-0,24	
9,78	-0,22	
9,785	-0,21	
9,79	-0,2	
9,795	-0,18	
9,8	-0,17	
9,805	-0,16	
9,81	-0,14	
9,815	-0,14	
9,82	-0,12	
9,825	-0,11	
9,83	-0,09	
9,835	-0,08	
9,84	-0,07	
9,845	-0,06	
9,85	-0,04	
9,855	-0,03	
9,86	-0,02	
9,865	-0,01	
9,87	0	
9,875	0,02	
9,88	0,03	
9,885	0,04	
9,89	0,05	
9,895	0,07	
9,9	0,08	
9,905	0,09	
9,91	0,1	
9,915	0,11	
9,92	0,13	
9,925	0,14	
9,93	0,15	
9,935	0,16	
9,94	0,18	
9,945	0,19	
9,95	0,2	
9,955	0,21	
9,96	0,21	
9,965	0,23	
9,97	0,24	
9,975	0,25	
9,98	0,25	
9,985	0,26	
9,99	0,27	
9,995	0,28	
10,0	0,29	
10,005	0,3	
10,01	0,31	
10,015	0,32	
10,02	0,33	
10,025	0,33	
10,03	0,34	
10,035	0,35	
10,04	0,36	
10,045	0,36	
10,05	0,37	
10,055	0,38	
10,06	0,38	
10,065	0,38	
10,07	0,39	
10,075	0,4	
10,08	0,4	
10,085	0,41	
10,09	0,41	
10,095	0,42	
10,1	0,42	
10,105	0,42	
10,11	0,43	
10,115	0,43	
10,12	0,43	
10,125	0,43	
10,13	0,43	
10,135	0,44	
10,14	0,44	
10,145	0,44	
10,15	0,45	
10,155	0,45	
10,16	0,45	
10,165	0,45	
10,17	0,45	
10,175	0,44	
10,18	0,44	
10,185	0,44	
10,19	0,44	
10,195	0,44	
10,2	0,44	
10,205	0,44	
10,21	0,44	
10,215	0,43	
10,22	0,43	
10,225	0,42	
10,23	0,42	
10,235	0,41	
10,24	0,41	
10,245	0,41	
10,25	0,41	
10,255	0,4	
10,26	0,4	
10,265	0,39	
10,27	0,39	
10,275	0,38	
10,28	0,37	
10,285	0,36	
10,29	0,36	
10,295	0,36	
10,3	0,35	
10,305	0,35	
10,31	0,34	
10,315	0,34	
10,32	0,33	
10,325	0,32	
10,33	0,31	
10,335	0,3	
10,34	0,29	
10,345	0,29	
10,35	0,28	
10,355	0,28	
10,36	0,27	
10,365	0,26	
10,37	0,25	
10,375	0,23	
10,38	0,23	
10,385	0,22	
10,39	0,21	
10,395	0,21	
10,4	0,2	
10,405	0,19	
10,41	0,18	
10,415	0,17	
10,42	0,16	
10,425	0,15	
10,43	0,14	
10,435	0,13	
10,44	0,12	
10,445	0,12	
10,45	0,11	
10,455	0,1	
10,46	0,09	
10,465	0,07	
10,47	0,07	
10,475	0,06	
10,48	0,05	
10,485	0,04	
10,49	0,03	
10,495	0,02	
10,5	0,01	
10,505	0	
10,51	-0,01	
10,515	-0,02	
10,52	-0,03	
10,525	-0,03	
10,53	-0,04	
10,535	-0,05	
10,54	-0,06	
10,545	-0,07	
10,55	-0,08	
10,555	-0,09	
10,56	-0,1	
10,565	-0,11	
10,57	-0,11	
10,575	-0,12	
10,58	-0,13	
10,585	-0,13	
10,59	-0,14	
10,595	-0,15	
10,6	-0,16	
10,605	-0,16	
10,61	-0,17	
10,615	-0,18	
10,62	-0,18	
10,625	-0,19	
10,63	-0,19	
10,635	-0,2	
10,64	-0,2	
10,645	-0,22	
10,65	-0,22	
10,655	-0,23	
10,66	-0,23	
10,665	-0,24	
10,67	-0,24	
10,675	-0,24	
10,68	-0,25	
10,685	-0,25	
10,69	-0,26	
10,695	-0,26	
10,7	-0,27	
10,705	-0,27	
10,71	-0,28	
10,715	-0,28	
10,72	-0,28	
10,725	-0,28	
10,73	-0,29	
10,735	-0,29	
10,74	-0,29	
10,745	-0,29	
10,75	-0,29	
10,755	-0,29	
10,76	-0,3	
10,765	-0,3	
10,77	-0,3	
10,775	-0,3	
10,78	-0,3	
10,785	-0,3	
10,79	-0,3	
10,795	-0,3	
10,8	-0,3	
10,805	-0,3	
10,81	-0,3	
10,815	-0,3	
10,82	-0,3	
10,825	-0,3	
10,83	-0,3	
10,835	-0,3	
10,84	-0,29	
10,845	-0,29	
10,85	-0,29	
10,855	-0,29	
10,86	-0,29	
10,865	-0,29	
10,87	-0,28	
10,875	-0,28	
10,88	-0,28	
10,885	-0,28	
10,89	-0,28	
10,895	-0,27	
10,9	-0,27	
10,905	-0,26	
10,91	-0,26	
10,915	-0,26	
10,92	-0,25	
10,925	-0,25	
10,93	-0,24	
10,935	-0,24	
10,94	-0,24	
10,945	-0,23	
10,95	-0,23	
10,955	-0,22	
10,96	-0,21	
10,965	-0,21	
10,97	-0,2	
10,975	-0,2	
10,98	-0,2	
10,985	-0,19	
10,99	-0,19	
10,995	-0,18	
11,0	-0,18	
11,005	-0,17	
11,01	-0,16	
11,015	-0,16	
11,02	-0,15	
11,025	-0,14	
11,03	-0,14	
11,035	-0,13	
11,04	-0,13	
11,045	-0,13	
11,05	-0,12	
11,055	-0,11	
11,06	-0,11	
11,065	-0,1	
11,07	-0,09	
11,075	-0,09	
11,08	-0,08	
11,085	-0,08	
11,09	-0,07	
11,095	-0,07	
11,1	-0,06	
11,105	-0,05	
11,11	-0,05	
11,115	-0,04	
11,12	-0,04	
11,125	-0,04	
11,13	-0,03	
11,135	-0,03	
11,14	-0,02	
11,145	-0,01	
11,15	0	
11,155	0	
11,16	0,01	
11,165	0,01	
11,17	0,01	
11,175	0,02	
11,18	0,02	
11,185	0,03	
11,19	0,03	
11,195	0,04	
11,2	0,04	
11,205	0,04	
11,21	0,05	
11,215	0,05	
11,22	0,06	
11,225	0,06	
11,23	0,07	
11,235	0,07	
11,24	0,08	
11,245	0,09	
11,25	0,09	
11,255	0,09	
11,26	0,09	
11,265	0,1	
11,27	0,1	
11,275	0,1	
11,28	0,1	
11,285	0,11	
11,29	0,11	
11,295	0,11	
11,3	0,12	
11,305	0,12	
11,31	0,12	
11,315	0,12	
11,32	0,12	
11,325	0,13	
11,33	0,13	
11,335	0,13	
11,34	0,14	
11,345	0,14	
11,35	0,14	
11,355	0,14	
11,36	0,14	
11,365	0,14	
11,37	0,14	
11,375	0,14	
11,38	0,14	
11,385	0,15	
11,39	0,15	
11,395	0,15	
11,4	0,15	
11,405	0,15	
11,41	0,15	
11,415	0,15	
11,42	0,14	
11,425	0,14	
11,43	0,15	
11,435	0,15	
11,44	0,15	
11,445	0,15	
11,45	0,16	
11,455	0,16	
11,46	0,16	
11,465	0,15	
11,47	0,15	
11,475	0,15	
11,48	0,14	
11,485	0,14	
11,49	0,14	
11,495	0,15	
11,5	0,15	
11,505	0,14	
11,51	0,14	
11,515	0,14	
11,52	0,13	
11,525	0,13	
11,53	0,13	
11,535	0,13	
11,54	0,13	
11,545	0,13	
11,55	0,13	
11,555	0,13	
11,56	0,13	
11,565	0,12	
11,57	0,12	
11,575	0,12	
11,58	0,12	
11,585	0,11	
11,59	0,11	
11,595	0,11	
11,6	0,11	
11,605	0,11	
11,61	0,11	
11,615	0,11	
11,62	0,11	
11,625	0,1	
11,63	0,1	
11,635	0,09	
11,64	0,09	
11,645	0,09	
11,65	0,08	
11,655	0,09	
11,66	0,08	
11,665	0,08	
11,67	0,08	
11,675	0,08	
11,68	0,08	
11,685	0,08	
11,69	0,07	
11,695	0,07	
11,7	0,06	
11,705	0,06	
11,71	0,06	
11,715	0,06	
11,72	0,06	
11,725	0,06	
11,73	0,06	
11,735	0,05	
11,74	0,05	
11,745	0,04	
11,75	0,04	
11,755	0,04	
11,76	0,04	
11,765	0,04	
11,77	0,04	
11,775	0,04	
11,78	0,04	
11,785	0,03	
11,79	0,03	
11,795	0,02	
11,8	0,02	
11,805	0,02	
11,81	0,02	
11,815	0,02	
11,82	0,02	
11,825	0,02	
11,83	0,02	
11,835	0,02	
11,84	0,02	
11,845	0,02	
11,85	0,01	
11,855	0,01	
11,86	0,01	
11,865	0,01	
11,87	0,01	
11,875	0,02	
11,88	0,02	
11,885	0,02	
11,89	0,02	
11,895	0,02	
11,9	0,01	
11,905	0,01	
11,91	0,01	
11,915	0,01	
11,92	0,01	
11,925	0	
11,93	0	
11,935	0,01	
11,94	0,01	
11,945	0,01	
11,95	0,01	
11,955	0,01	
11,96	0,01	
11,965	0	
11,97	0	
11,975	0	
11,98	0	
11,985	0,01	
11,99	0,01	
11,995	0,01	
12,0	0,01	
12,005	0,01	
12,01	0	
12,015	0	
12,02	0	
12,025	0	
12,03	0	
12,035	0	
12,04	0	
12,045	0	
12,05	0	
12,055	0	
12,06	0	
12,065	0	
12,07	0	
12,075	0	
12,08	0	
12,085	0	
12,09	0	
12,095	0	
12,1	0	
12,105	0	
12,11	0	
12,115	0	
12,12	0	
12,125	0	
12,13	0,01	
12,135	0,01	
12,14	0	
12,145	0	
12,15	0	
12,155	0	
12,16	0	
12,165	0	
12,17	0	
12,175	0	
12,18	0	
12,185	0	
12,19	0	
12,195	0	
12,2	-0,01	
12,205	-0,01	
12,21	-0,01	
12,215	-0,01	
12,22	0	
12,225	0	
12,23	-0,01	
12,235	-0,01	
12,24	-0,02	
12,245	-0,02	
12,25	-0,02	
12,255	-0,02	
12,26	-0,02	
12,265	-0,02	
12,27	-0,02	
12,275	-0,02	
12,28	-0,02	
12,285	-0,02	
12,29	-0,03	
12,295	-0,03	
12,3	-0,03	
12,305	-0,03	
12,31	-0,03	
12,315	-0,03	
12,32	-0,03	
12,325	-0,03	
12,33	-0,03	
12,335	-0,04	
12,34	-0,04	
12,345	-0,04	
12,35	-0,05	
12,355	-0,05	
12,36	-0,05	
12,365	-0,05	
12,37	-0,05	
12,375	-0,05	
12,38	-0,05	
12,385	-0,06	
12,39	-0,06	
12,395	-0,06	
12,4	-0,07	
12,405	-0,07	
12,41	-0,07	
12,415	-0,07	
12,42	-0,07	
12,425	-0,07	
12,43	-0,07	
12,435	-0,07	
12,44	-0,07	
12,445	-0,08	
12,45	-0,09	
12,455	-0,09	
12,46	-0,09	
12,465	-0,1	
12,47	-0,1	
12,475	-0,1	
12,48	-0,1	
12,485	-0,1	
12,49	-0,1	
12,495	-0,1	
12,5	-0,11	
12,505	-0,11	
12,51	-0,12	
12,515	-0,12	
12,52	-0,12	
12,525	-0,12	
12,53	-0,12	
12,535	-0,12	
12,54	-0,12	
12,545	-0,12	
12,55	-0,12	
12,555	-0,13	
12,56	-0,14	
12,565	-0,14	
12,57	-0,14	
12,575	-0,14	
12,58	-0,14	
12,585	-0,14	
12,59	-0,14	
12,595	-0,13	
12,6	-0,13	
12,605	-0,14	
12,61	-0,15	
12,615	-0,15	
12,62	-0,15	
12,625	-0,15	
12,63	-0,15	
12,635	-0,15	
12,64	-0,15	
12,645	-0,15	
12,65	-0,15	
12,655	-0,15	
12,66	-0,15	
12,665	-0,15	
12,67	-0,16	
12,675	-0,16	
12,68	-0,16	
12,685	-0,16	
12,69	-0,16	
12,695	-0,15	
12,7	-0,15	
12,705	-0,15	
12,71	-0,15	
12,715	-0,15	
12,72	-0,15	
12,725	-0,15	
12,73	-0,15	
12,735	-0,15	
12,74	-0,15	
12,745	-0,15	
12,75	-0,15	
12,755	-0,14	
12,76	-0,14	
12,765	-0,14	
12,77	-0,14	
12,775	-0,14	
12,78	-0,14	
12,785	-0,14	
12,79	-0,14	
12,795	-0,13	
12,8	-0,13	
12,805	-0,12	
12,81	-0,12	
12,815	-0,12	
12,82	-0,12	
12,825	-0,11	
12,83	-0,11	
12,835	-0,11	
12,84	-0,1	
12,845	-0,1	
12,85	-0,09	
12,855	-0,09	
12,86	-0,08	
12,865	-0,08	
12,87	-0,08	
12,875	-0,08	
12,88	-0,07	
12,885	-0,07	
12,89	-0,06	
12,895	-0,06	
12,9	-0,05	
12,905	-0,05	
12,91	-0,05	
12,915	-0,04	
12,92	-0,04	
12,925	-0,03	
12,93	-0,03	
12,935	-0,02	
12,94	-0,01	
12,945	-0,01	
12,95	0	
12,955	0	
12,96	0,01	
12,965	0,02	
12,97	0,02	
12,975	0,03	
12,98	0,03	
12,985	0,03	
12,99	0,04	
12,995	0,04	
13,0	0,05	
13,005	0,06	
13,01	0,06	
13,015	0,07	
13,02	0,07	
13,025	0,08	
13,03	0,09	
13,035	0,09	
13,04	0,1	
13,045	0,1	
13,05	0,11	
13,055	0,11	
13,06	0,12	
13,065	0,13	
13,07	0,13	
13,075	0,14	
13,08	0,15	
13,085	0,15	
13,09	0,16	
13,095	0,16	
13,1	0,17	
13,105	0,17	
13,11	0,18	
13,115	0,18	
13,12	0,19	
13,125	0,19	
13,13	0,2	
13,135	0,2	
13,14	0,21	
13,145	0,21	
13,15	0,22	
13,155	0,22	
13,16	0,23	
13,165	0,23	
13,17	0,24	
13,175	0,24	
13,18	0,25	
13,185	0,25	
13,19	0,26	
13,195	0,26	
13,2	0,26	
13,205	0,26	
13,21	0,26	
13,215	0,27	
13,22	0,27	
13,225	0,28	
13,23	0,29	
13,235	0,29	
13,24	0,29	
13,245	0,29	
13,25	0,29	
13,255	0,29	
13,26	0,3	
13,265	0,3	
13,27	0,3	
13,275	0,3	
13,28	0,3	
13,285	0,3	
13,29	0,3	
13,295	0,3	
13,3	0,3	
13,305	0,3	
13,31	0,3	
13,315	0,31	
13,32	0,31	
13,325	0,31	
13,33	0,3	
13,335	0,3	
13,34	0,3	
13,345	0,3	
13,35	0,3	
13,355	0,29	
13,36	0,29	
13,365	0,29	
13,37	0,29	
13,375	0,29	
13,38	0,28	
13,385	0,28	
13,39	0,28	
13,395	0,27	
13,4	0,27	
13,405	0,27	
13,41	0,27	
13,415	0,26	
13,42	0,26	
13,425	0,26	
13,43	0,25	
13,435	0,24	
13,44	0,24	
13,445	0,23	
13,45	0,23	
13,455	0,22	
13,46	0,22	
13,465	0,21	
13,47	0,21	
13,475	0,2	
13,48	0,19	
13,485	0,19	
13,49	0,18	
13,495	0,17	
13,5	0,17	
13,505	0,16	
13,51	0,16	
13,515	0,14	
13,52	0,14	
13,525	0,13	
13,53	0,12	
13,535	0,12	
13,54	0,11	
13,545	0,1	
13,55	0,09	
13,555	0,09	
13,56	0,07	
13,565	0,06	
13,57	0,05	
13,575	0,04	
13,58	0,04	
13,585	0,03	
13,59	0,03	
13,595	0,02	
13,6	0,01	
13,605	-0,01	
13,61	-0,02	
13,615	-0,03	
13,62	-0,03	
13,625	-0,04	
13,63	-0,05	
13,635	-0,06	
13,64	-0,07	
13,645	-0,07	
13,65	-0,09	
13,655	-0,1	
13,66	-0,11	
13,665	-0,12	
13,67	-0,13	
13,675	-0,14	
13,68	-0,14	
13,685	-0,15	
13,69	-0,16	
13,695	-0,17	
13,7	-0,18	
13,705	-0,19	
13,71	-0,2	
13,715	-0,21	
13,72	-0,22	
13,725	-0,23	
13,73	-0,23	
13,735	-0,24	
13,74	-0,25	
13,745	-0,25	
13,75	-0,27	
13,755	-0,28	
13,76	-0,28	
13,765	-0,29	
13,77	-0,3	
13,775	-0,3	
13,78	-0,31	
13,785	-0,32	
13,79	-0,32	
13,795	-0,33	
13,8	-0,34	
13,805	-0,35	
13,81	-0,35	
13,815	-0,36	
13,82	-0,36	
13,825	-0,37	
13,83	-0,37	
13,835	-0,38	
13,84	-0,38	
13,845	-0,39	
13,85	-0,39	
13,855	-0,4	
13,86	-0,4	
13,865	-0,41	
13,87	-0,41	
13,875	-0,41	
13,88	-0,42	
13,885	-0,42	
13,89	-0,42	
13,895	-0,43	
13,9	-0,43	
13,905	-0,43	
13,91	-0,43	
13,915	-0,43	
13,92	-0,43	
13,925	-0,44	
13,93	-0,44	
13,935	-0,44	
13,94	-0,44	
13,945	-0,44	
13,95	-0,44	
13,955	-0,44	
13,96	-0,43	
13,965	-0,43	
13,97	-0,43	
13,975	-0,43	
13,98	-0,43	
13,985	-0,43	
13,99	-0,43	
13,995	-0,43	
14,0	-0,42	
14,005	-0,42	
14,01	-0,41	
14,015	-0,41	
14,02	-0,4	
14,025	-0,4	
14,03	-0,4	
14,035	-0,4	
14,04	-0,39	
14,045	-0,39	
14,05	-0,38	
14,055	-0,37	
14,06	-0,36	
14,065	-0,35	
14,07	-0,35	
14,075	-0,34	
14,08	-0,34	
14,085	-0,33	
14,09	-0,32	
14,095	-0,32	
14,1	-0,31	
14,105	-0,29	
14,11	-0,28	
14,115	-0,27	
14,12	-0,26	
14,125	-0,25	
14,13	-0,25	
14,135	-0,24	
14,14	-0,23	
14,145	-0,23	
14,15	-0,21	
14,155	-0,2	
14,16	-0,19	
14,165	-0,17	
14,17	-0,16	
14,175	-0,16	
14,18	-0,15	
14,185	-0,14	
14,19	-0,13	
14,195	-0,11	
14,2	-0,1	
14,205	-0,09	
14,21	-0,08	
14,215	-0,06	
14,22	-0,05	
14,225	-0,04	
14,23	-0,03	
14,235	-0,02	
14,24	0	
14,245	0,01	
14,25	0,02	
14,255	0,03	
14,26	0,05	
14,265	0,06	
14,27	0,07	
14,275	0,08	
14,28	0,1	
14,285	0,11	
14,29	0,12	
14,295	0,13	
14,3	0,14	
14,305	0,16	
14,31	0,17	
14,315	0,19	
14,32	0,2	
14,325	0,21	
14,33	0,23	
14,335	0,24	
14,34	0,25	
14,345	0,26	
14,35	0,27	
14,355	0,28	
14,36	0,29	
14,365	0,3	
14,37	0,31	
14,375	0,33	
14,38	0,34	
14,385	0,35	
14,39	0,36	
14,395	0,37	
14,4	0,38	
14,405	0,39	
14,41	0,4	
14,415	0,41	
14,42	0,42	
14,425	0,43	
14,43	0,43	
14,435	0,44	
14,44	0,45	
14,445	0,46	
14,45	0,47	
14,455	0,48	
14,46	0,48	
14,465	0,49	
14,47	0,5	
14,475	0,5	
14,48	0,51	
14,485	0,51	
14,49	0,52	
14,495	0,52	
14,5	0,53	
14,505	0,53	
14,51	0,54	
14,515	0,54	
14,52	0,55	
14,525	0,55	
14,53	0,55	
14,535	0,56	
14,54	0,56	
14,545	0,56	
14,55	0,56	
14,555	0,56	
14,56	0,56	
14,565	0,56	
14,57	0,56	
14,575	0,56	
14,58	0,56	
14,585	0,56	
14,59	0,56	
14,595	0,56	
14,6	0,56	
14,605	0,55	
14,61	0,55	
14,615	0,55	
14,62	0,55	
14,625	0,54	
14,63	0,54	
14,635	0,54	
14,64	0,53	
14,645	0,53	
14,65	0,52	
14,655	0,51	
14,66	0,5	
14,665	0,5	
14,67	0,49	
14,675	0,49	
14,68	0,48	
14,685	0,48	
14,69	0,47	
14,695	0,45	
14,7	0,44	
14,705	0,43	
14,71	0,43	
14,715	0,42	
14,72	0,41	
14,725	0,41	
14,73	0,4	
14,735	0,39	
14,74	0,37	
14,745	0,36	
14,75	0,34	
14,755	0,33	
14,76	0,32	
14,765	0,31	
14,77	0,3	
14,775	0,29	
14,78	0,28	
14,785	0,26	
14,79	0,25	
14,795	0,23	
14,8	0,22	
14,805	0,2	
14,81	0,19	
14,815	0,18	
14,82	0,17	
14,825	0,15	
14,83	0,13	
14,835	0,12	
14,84	0,11	
14,845	0,09	
14,85	0,08	
14,855	0,06	
14,86	0,05	
14,865	0,03	
14,87	0,02	
14,875	0	
14,88	-0,02	
14,885	-0,03	
14,89	-0,04	
14,895	-0,06	
14,9	-0,07	
14,905	-0,09	
14,91	-0,1	
14,915	-0,12	
14,92	-0,13	
14,925	-0,16	
14,93	-0,18	
14,935	-0,19	
14,94	-0,2	
14,945	-0,21	
14,95	-0,22	
14,955	-0,23	
14,96	-0,25	
14,965	-0,26	
14,97	-0,29	
14,975	-0,31	
14,98	-0,32	
14,985	-0,33	
14,99	-0,34	
14,995	-0,35	
15,0	-0,36	
15,005	-0,37	
15,01	-0,38	
15,015	-0,41	
15,02	-0,42	
15,025	-0,44	
15,03	-0,45	
15,035	-0,46	
15,04	-0,47	
15,045	-0,48	
15,05	-0,49	
15,055	-0,49	
15,06	-0,51	
15,065	-0,52	
15,07	-0,54	
15,075	-0,55	
15,08	-0,56	
15,085	-0,57	
15,09	-0,57	
15,095	-0,58	
15,1	-0,58	
15,105	-0,59	
15,11	-0,6	
15,115	-0,6	
15,12	-0,61	
15,125	-0,62	
15,13	-0,63	
15,135	-0,63	
15,14	-0,64	
15,145	-0,64	
15,15	-0,65	
15,155	-0,65	
15,16	-0,65	
15,165	-0,66	
15,17	-0,66	
15,175	-0,66	
15,18	-0,66	
15,185	-0,67	
15,19	-0,67	
15,195	-0,67	
15,2	-0,67	
15,205	-0,67	
15,21	-0,67	
15,215	-0,66	
15,22	-0,66	
15,225	-0,66	
15,23	-0,66	
15,235	-0,66	
15,24	-0,66	
15,245	-0,65	
15,25	-0,65	
15,255	-0,64	
15,26	-0,64	
15,265	-0,63	
15,27	-0,63	
15,275	-0,62	
15,28	-0,62	
15,285	-0,61	
15,29	-0,61	
15,295	-0,6	
15,3	-0,59	
15,305	-0,58	
15,31	-0,57	
15,315	-0,56	
15,32	-0,55	
15,325	-0,54	
15,33	-0,53	
15,335	-0,52	
15,34	-0,52	
15,345	-0,51	
15,35	-0,5	
15,355	-0,48	
15,36	-0,47	
15,365	-0,45	
15,37	-0,44	
15,375	-0,43	
15,38	-0,41	
15,385	-0,41	
15,39	-0,39	
15,395	-0,38	
15,4	-0,36	
15,405	-0,35	
15,41	-0,33	
15,415	-0,31	
15,42	-0,3	
15,425	-0,28	
15,43	-0,26	
15,435	-0,25	
15,44	-0,24	
15,445	-0,22	
15,45	-0,21	
15,455	-0,19	
15,46	-0,17	
15,465	-0,15	
15,47	-0,13	
15,475	-0,12	
15,48	-0,11	
15,485	-0,09	
15,49	-0,07	
15,495	-0,05	
15,5	-0,03	
15,505	-0,02	
15,51	0	
15,515	0,03	
15,52	0,04	
15,525	0,06	
15,53	0,07	
15,535	0,09	
15,54	0,11	
15,545	0,13	
15,55	0,15	
15,555	0,17	
15,56	0,19	
15,565	0,21	
15,57	0,22	
15,575	0,23	
15,58	0,25	
15,585	0,26	
15,59	0,28	
15,595	0,3	
15,6	0,31	
15,605	0,34	
15,61	0,35	
15,615	0,37	
15,62	0,38	
15,625	0,4	
15,63	0,41	
15,635	0,42	
15,64	0,44	
15,645	0,45	
15,65	0,47	
15,655	0,49	
15,66	0,5	
15,665	0,51	
15,67	0,53	
15,675	0,54	
15,68	0,55	
15,685	0,56	
15,69	0,57	
15,695	0,59	
15,7	0,6	
15,705	0,61	
15,71	0,62	
15,715	0,64	
15,72	0,64	
15,725	0,65	
15,73	0,66	
15,735	0,67	
15,74	0,68	
15,745	0,69	
15,75	0,69	
15,755	0,7	
15,76	0,71	
15,765	0,71	
15,77	0,72	
15,775	0,72	
15,78	0,73	
15,785	0,74	
15,79	0,74	
15,795	0,74	
15,8	0,75	
15,805	0,75	
15,81	0,75	
15,815	0,75	
15,82	0,75	
15,825	0,75	
15,83	0,75	
15,835	0,75	
15,84	0,75	
15,845	0,75	
15,85	0,75	
15,855	0,75	
15,86	0,75	
15,865	0,74	
15,87	0,74	
15,875	0,74	
15,88	0,73	
15,885	0,73	
15,89	0,72	
15,895	0,72	
15,9	0,71	
15,905	0,7	
15,91	0,7	
15,915	0,69	
15,92	0,68	
15,925	0,67	
15,93	0,66	
15,935	0,65	
15,94	0,64	
15,945	0,64	
15,95	0,63	
15,955	0,62	
15,96	0,61	
15,965	0,59	
15,97	0,58	
15,975	0,57	
15,98	0,55	
15,985	0,54	
15,99	0,53	
15,995	0,52	
16,0	0,51	
16,005	0,49	
16,01	0,47	
16,015	0,45	
16,02	0,44	
16,025	0,42	
16,03	0,41	
16,035	0,39	
16,04	0,38	
16,045	0,37	
16,05	0,35	
16,055	0,33	
16,06	0,3	
16,065	0,29	
16,07	0,27	
16,075	0,25	
16,08	0,23	
16,085	0,22	
16,09	0,2	
16,095	0,18	
16,1	0,17	
16,105	0,14	
16,11	0,12	
16,115	0,1	
16,12	0,08	
16,125	0,06	
16,13	0,05	
16,135	0,03	
16,14	0,02	
16,145	0	
16,15	-0,03	
16,155	-0,05	
16,16	-0,07	
16,165	-0,09	
16,17	-0,11	
16,175	-0,13	
16,18	-0,15	
16,185	-0,17	
16,19	-0,19	
16,195	-0,21	
16,2	-0,23	
16,205	-0,25	
16,21	-0,27	
16,215	-0,29	
16,22	-0,3	
16,225	-0,32	
16,23	-0,33	
16,235	-0,35	
16,24	-0,36	
16,245	-0,39	
16,25	-0,41	
16,255	-0,42	
16,26	-0,44	
16,265	-0,46	
16,27	-0,47	
16,275	-0,49	
16,28	-0,5	
16,285	-0,52	
16,29	-0,54	
16,295	-0,55	
16,3	-0,57	
16,305	-0,58	
16,31	-0,59	
16,315	-0,61	
16,32	-0,62	
16,325	-0,63	
16,33	-0,64	
16,335	-0,66	
16,34	-0,67	
16,345	-0,68	
16,35	-0,69	
16,355	-0,71	
16,36	-0,71	
16,365	-0,72	
16,37	-0,73	
16,375	-0,74	
16,38	-0,75	
16,385	-0,75	
16,39	-0,76	
16,395	-0,77	
16,4	-0,77	
16,405	-0,78	
16,41	-0,79	
16,415	-0,79	
16,42	-0,8	
16,425	-0,8	
16,43	-0,81	
16,435	-0,81	
16,44	-0,81	
16,445	-0,81	
16,45	-0,81	
16,455	-0,81	
16,46	-0,81	
16,465	-0,81	
16,47	-0,81	
16,475	-0,81	
16,48	-0,81	
16,485	-0,81	
16,49	-0,81	
16,495	-0,81	
16,5	-0,8	
16,505	-0,8	
16,51	-0,79	
16,515	-0,78	
16,52	-0,78	
16,525	-0,77	
16,53	-0,76	
16,535	-0,76	
16,54	-0,75	
16,545	-0,75	
16,55	-0,74	
16,555	-0,73	
16,56	-0,72	
16,565	-0,7	
16,57	-0,69	
16,575	-0,69	
16,58	-0,68	
16,585	-0,67	
16,59	-0,66	
16,595	-0,65	
16,6	-0,63	
16,605	-0,61	
16,61	-0,6	
16,615	-0,59	
16,62	-0,57	
16,625	-0,56	
16,63	-0,55	
16,635	-0,53	
16,64	-0,52	
16,645	-0,51	
16,65	-0,48	
16,655	-0,46	
16,66	-0,44	
16,665	-0,43	
16,67	-0,41	
16,675	-0,39	
16,68	-0,37	
16,685	-0,36	
16,69	-0,34	
16,695	-0,33	
16,7	-0,3	
16,705	-0,28	
16,71	-0,26	
16,715	-0,24	
16,72	-0,22	
16,725	-0,2	
16,73	-0,18	
16,735	-0,16	
16,74	-0,14	
16,745	-0,12	
16,75	-0,1	
16,755	-0,08	
16,76	-0,06	
16,765	-0,04	
16,77	-0,02	
16,775	0	
16,78	0,02	
16,785	0,04	
16,79	0,06	
16,795	0,08	
16,8	0,1	
16,805	0,12	
16,81	0,14	
16,815	0,16	
16,82	0,18	
16,825	0,21	
16,83	0,23	
16,835	0,25	
16,84	0,27	
16,845	0,29	
16,85	0,31	
16,855	0,33	
16,86	0,35	
16,865	0,36	
16,87	0,38	
16,875	0,4	
16,88	0,42	
16,885	0,44	
16,89	0,46	
16,895	0,47	
16,9	0,49	
16,905	0,51	
16,91	0,52	
16,915	0,54	
16,92	0,55	
16,925	0,58	
16,93	0,59	
16,935	0,61	
16,94	0,62	
16,945	0,63	
16,95	0,64	
16,955	0,66	
16,96	0,67	
16,965	0,68	
16,97	0,7	
16,975	0,71	
16,98	0,73	
16,985	0,74	
16,99	0,75	
16,995	0,76	
17,0	0,76	
17,005	0,77	
17,01	0,78	
17,015	0,79	
17,02	0,79	
17,025	0,8	
17,03	0,81	
17,035	0,81	
17,04	0,82	
17,045	0,83	
17,05	0,84	
17,055	0,84	
17,06	0,84	
17,065	0,84	
17,07	0,84	
17,075	0,85	
17,08	0,85	
17,085	0,85	
17,09	0,85	
17,095	0,85	
17,1	0,85	
17,105	0,85	
17,11	0,85	
17,115	0,85	
17,12	0,84	
17,125	0,84	
17,13	0,84	
17,135	0,83	
17,14	0,83	
17,145	0,82	
17,15	0,82	
17,155	0,8	
17,16	0,8	
17,165	0,79	
17,17	0,79	
17,175	0,78	
17,18	0,77	
17,185	0,77	
17,19	0,75	
17,195	0,74	
17,2	0,73	
17,205	0,72	
17,21	0,71	
17,215	0,7	
17,22	0,68	
17,225	0,67	
17,23	0,66	
17,235	0,65	
17,24	0,63	
17,245	0,61	
17,25	0,6	
17,255	0,58	
17,26	0,57	
17,265	0,56	
17,27	0,54	
17,275	0,52	
17,28	0,51	
17,285	0,49	
17,29	0,46	
17,295	0,45	
17,3	0,43	
17,305	0,41	
17,31	0,4	
17,315	0,38	
17,32	0,36	
17,325	0,34	
17,33	0,32	
17,335	0,29	
17,34	0,27	
17,345	0,25	
17,35	0,24	
17,355	0,22	
17,36	0,2	
17,365	0,19	
17,37	0,17	
17,375	0,14	
17,38	0,11	
17,385	0,09	
17,39	0,07	
17,395	0,05	
17,4	0,03	
17,405	0,01	
17,41	-0,01	
17,415	-0,03	
17,42	-0,05	
17,425	-0,08	
17,43	-0,1	
17,435	-0,12	
17,44	-0,14	
17,445	-0,17	
17,45	-0,19	
17,455	-0,21	
17,46	-0,22	
17,465	-0,25	
17,47	-0,27	
17,475	-0,29	
17,48	-0,31	
17,485	-0,32	
17,49	-0,34	
17,495	-0,36	
17,5	-0,39	
17,505	-0,4	
17,51	-0,42	
17,515	-0,45	
17,52	-0,46	
17,525	-0,48	
17,53	-0,5	
17,535	-0,51	
17,54	-0,53	
17,545	-0,55	
17,55	-0,56	
17,555	-0,57	
17,56	-0,6	
17,565	-0,61	
17,57	-0,62	
17,575	-0,64	
17,58	-0,65	
17,585	-0,66	
17,59	-0,68	
17,595	-0,69	
17,6	-0,7	
17,605	-0,7	
17,61	-0,72	
17,615	-0,73	
17,62	-0,74	
17,625	-0,76	
17,63	-0,77	
17,635	-0,78	
17,64	-0,79	
17,645	-0,8	
17,65	-0,8	
17,655	-0,81	
17,66	-0,82	
17,665	-0,82	
17,67	-0,83	
17,675	-0,83	
17,68	-0,84	
17,685	-0,85	
17,69	-0,85	
17,695	-0,85	
17,7	-0,85	
17,705	-0,85	
17,71	-0,85	
17,715	-0,85	
17,72	-0,86	
17,725	-0,86	
17,73	-0,86	
17,735	-0,86	
17,74	-0,86	
17,745	-0,86	
17,75	-0,85	
17,755	-0,84	
17,76	-0,84	
17,765	-0,83	
17,77	-0,83	
17,775	-0,83	
17,78	-0,83	
17,785	-0,82	
17,79	-0,81	
17,795	-0,81	
17,8	-0,8	
17,805	-0,79	
17,81	-0,77	
17,815	-0,77	
17,82	-0,76	
17,825	-0,75	
17,83	-0,74	
17,835	-0,73	
17,84	-0,72	
17,845	-0,71	
17,85	-0,69	
17,855	-0,68	
17,86	-0,66	
17,865	-0,65	
17,87	-0,63	
17,875	-0,62	
17,88	-0,6	
17,885	-0,59	
17,89	-0,58	
17,895	-0,56	
17,9	-0,55	
17,905	-0,53	
17,91	-0,52	
17,915	-0,5	
17,92	-0,48	
17,925	-0,46	
17,93	-0,45	
17,935	-0,42	
17,94	-0,41	
17,945	-0,39	
17,95	-0,37	
17,955	-0,35	
17,96	-0,33	
17,965	-0,31	
17,97	-0,28	
17,975	-0,27	
17,98	-0,25	
17,985	-0,23	
17,99	-0,21	
17,995	-0,19	
18,0	-0,17	
18,005	-0,15	
18,01	-0,13	
18,015	-0,1	
18,02	-0,08	
18,025	-0,06	
18,03	-0,04	
18,035	-0,02	
18,04	0	
18,045	0,03	
18,05	0,04	
18,055	0,06	
18,06	0,08	
18,065	0,11	
18,07	0,13	
18,075	0,15	
18,08	0,17	
18,085	0,19	
18,09	0,21	
18,095	0,23	
18,1	0,25	
18,105	0,27	
18,11	0,3	
18,115	0,31	
18,12	0,33	
18,125	0,35	
18,13	0,37	
18,135	0,39	
18,14	0,41	
18,145	0,43	
18,15	0,44	
18,155	0,47	
18,16	0,48	
18,165	0,5	
18,17	0,51	
18,175	0,53	
18,18	0,54	
18,185	0,56	
18,19	0,58	
18,195	0,59	
18,2	0,62	
18,205	0,63	
18,21	0,65	
18,215	0,66	
18,22	0,67	
18,225	0,68	
18,23	0,69	
18,235	0,7	
18,24	0,71	
18,245	0,73	
18,25	0,74	
18,255	0,75	
18,26	0,76	
18,265	0,76	
18,27	0,77	
18,275	0,77	
18,28	0,78	
18,285	0,79	
18,29	0,8	
18,295	0,81	
18,3	0,82	
18,305	0,82	
18,31	0,82	
18,315	0,83	
18,32	0,83	
18,325	0,83	
18,33	0,83	
18,335	0,84	
18,34	0,84	
18,345	0,85	
18,35	0,85	
18,355	0,84	
18,36	0,84	
18,365	0,84	
18,37	0,84	
18,375	0,84	
18,38	0,84	
18,385	0,83	
18,39	0,83	
18,395	0,83	
18,4	0,82	
18,405	0,82	
18,41	0,81	
18,415	0,81	
18,42	0,8	
18,425	0,78	
18,43	0,78	
18,435	0,77	
18,44	0,77	
18,445	0,76	
18,45	0,75	
18,455	0,74	
18,46	0,73	
18,465	0,71	
18,47	0,7	
18,475	0,69	
18,48	0,68	
18,485	0,67	
18,49	0,66	
18,495	0,64	
18,5	0,63	
18,505	0,62	
18,51	0,6	
18,515	0,59	
18,52	0,56	
18,525	0,55	
18,53	0,54	
18,535	0,52	
18,54	0,51	
18,545	0,49	
18,55	0,47	
18,555	0,46	
18,56	0,44	
18,565	0,41	
18,57	0,39	
18,575	0,38	
18,58	0,37	
18,585	0,35	
18,59	0,33	
18,595	0,32	
18,6	0,3	
18,605	0,28	
18,61	0,24	
18,615	0,22	
18,62	0,2	
18,625	0,19	
18,63	0,17	
18,635	0,15	
18,64	0,14	
18,645	0,12	
18,65	0,09	
18,655	0,06	
18,66	0,04	
18,665	0,02	
18,67	0	
18,675	-0,02	
18,68	-0,03	
18,685	-0,05	
18,69	-0,07	
18,695	-0,09	
18,7	-0,12	
18,705	-0,14	
18,71	-0,16	
18,715	-0,18	
18,72	-0,2	
18,725	-0,22	
18,73	-0,23	
18,735	-0,25	
18,74	-0,27	
18,745	-0,3	
18,75	-0,32	
18,755	-0,34	
18,76	-0,35	
18,765	-0,37	
18,77	-0,39	
18,775	-0,4	
18,78	-0,42	
18,785	-0,43	
18,79	-0,45	
18,795	-0,47	
18,8	-0,48	
18,805	-0,5	
18,81	-0,52	
18,815	-0,54	
18,82	-0,56	
18,825	-0,57	
18,83	-0,58	
18,835	-0,59	
18,84	-0,6	
18,845	-0,62	
18,85	-0,63	
18,855	-0,65	
18,86	-0,66	
18,865	-0,67	
18,87	-0,68	
18,875	-0,69	
18,88	-0,7	
18,885	-0,71	
18,89	-0,71	
18,895	-0,72	
18,9	-0,73	
18,905	-0,74	
18,91	-0,75	
18,915	-0,75	
18,92	-0,76	
18,925	-0,77	
18,93	-0,78	
18,935	-0,78	
18,94	-0,78	
18,945	-0,79	
18,95	-0,79	
18,955	-0,79	
18,96	-0,79	
18,965	-0,8	
18,97	-0,8	
18,975	-0,8	
18,98	-0,81	
18,985	-0,8	
18,99	-0,8	
18,995	-0,8	
19,0	-0,8	
19,005	-0,8	
19,01	-0,8	
19,015	-0,79	
19,02	-0,79	
19,025	-0,78	
19,03	-0,78	
19,035	-0,77	
19,04	-0,77	
19,045	-0,76	
19,05	-0,76	
19,055	-0,75	
19,06	-0,74	
19,065	-0,73	
19,07	-0,73	
19,075	-0,72	
19,08	-0,71	
19,085	-0,7	
19,09	-0,69	
19,095	-0,68	
19,1	-0,67	
19,105	-0,66	
19,11	-0,65	
19,115	-0,64	
19,12	-0,62	
19,125	-0,61	
19,13	-0,6	
19,135	-0,59	
19,14	-0,57	
19,145	-0,56	
19,15	-0,55	
19,155	-0,53	
19,16	-0,52	
19,165	-0,5	
19,17	-0,48	
19,175	-0,47	
19,18	-0,45	
19,185	-0,44	
19,19	-0,42	
19,195	-0,41	
19,2	-0,39	
19,205	-0,37	
19,21	-0,35	
19,215	-0,34	
19,22	-0,32	
19,225	-0,3	
19,23	-0,28	
19,235	-0,26	
19,24	-0,25	
19,245	-0,22	
19,25	-0,21	
19,255	-0,19	
19,26	-0,18	
19,265	-0,15	
19,27	-0,13	
19,275	-0,11	
19,28	-0,09	
19,285	-0,07	
19,29	-0,05	
19,295	-0,03	
19,3	-0,02	
19,305	0	
19,31	0,02	
19,315	0,04	
19,32	0,06	
19,325	0,08	
19,33	0,1	
19,335	0,12	
19,34	0,14	
19,345	0,16	
19,35	0,17	
19,355	0,19	
19,36	0,21	
19,365	0,23	
19,37	0,25	
19,375	0,26	
19,38	0,29	
19,385	0,3	
19,39	0,31	
19,395	0,33	
19,4	0,35	
19,405	0,36	
19,41	0,38	
19,415	0,4	
19,42	0,41	
19,425	0,43	
19,43	0,45	
19,435	0,46	
19,44	0,47	
19,445	0,48	
19,45	0,5	
19,455	0,51	
19,46	0,53	
19,465	0,54	
19,47	0,56	
19,475	0,57	
19,48	0,58	
19,485	0,58	
19,49	0,59	
19,495	0,6	
19,5	0,61	
19,505	0,62	
19,51	0,64	
19,515	0,65	
19,52	0,66	
19,525	0,67	
19,53	0,67	
19,535	0,68	
19,54	0,68	
19,545	0,69	
19,55	0,69	
19,555	0,7	
19,56	0,71	
19,565	0,72	
19,57	0,73	
19,575	0,73	
19,58	0,73	
19,585	0,73	
19,59	0,73	
19,595	0,73	
19,6	0,73	
19,605	0,73	
19,61	0,74	
19,615	0,74	
19,62	0,74	
19,625	0,74	
19,63	0,74	
19,635	0,73	
19,64	0,73	
19,645	0,72	
19,65	0,72	
19,655	0,71	
19,66	0,71	
19,665	0,71	
19,67	0,71	
19,675	0,7	
19,68	0,7	
19,685	0,69	
19,69	0,68	
19,695	0,68	
19,7	0,66	
19,705	0,66	
19,71	0,65	
19,715	0,64	
19,72	0,64	
19,725	0,63	
19,73	0,62	
19,735	0,6	
19,74	0,59	
19,745	0,57	
19,75	0,56	
19,755	0,56	
19,76	0,55	
19,765	0,54	
19,77	0,53	
19,775	0,52	
19,78	0,51	
19,785	0,49	
19,79	0,47	
19,795	0,46	
19,8	0,45	
19,805	0,43	
19,81	0,42	
19,815	0,41	
19,82	0,39	
19,825	0,38	
19,83	0,36	
19,835	0,34	
19,84	0,32	
19,845	0,31	
19,85	0,29	
19,855	0,27	
19,86	0,26	
19,865	0,24	
19,87	0,23	
19,875	0,21	
19,88	0,2	
19,885	0,17	
19,89	0,16	
19,895	0,14	
19,9	0,12	
19,905	0,11	
19,91	0,09	
19,915	0,08	
19,92	0,06	
19,925	0,04	
19,93	0,02	
19,935	0	
19,94	-0,01	
19,945	-0,03	
19,95	-0,04	
19,955	-0,06	
19,96	-0,07	
19,965	-0,09	
19,97	-0,11	
19,975	-0,14	
19,98	-0,16	
19,985	-0,17	
19,99	-0,19	
19,995	-0,2	
20,0	-0,21	
20,005	-0,22	
20,01	-0,23	
20,015	-0,25	
20,02	-0,27	
20,025	-0,29	
20,03	-0,31	
20,035	-0,32	
20,04	-0,34	
20,045	-0,35	
20,05	-0,35	
20,055	-0,37	
20,06	-0,38	
20,065	-0,39	
20,07	-0,41	
20,075	-0,43	
20,08	-0,44	
20,085	-0,46	
20,09	-0,47	
20,095	-0,48	
20,1	-0,48	
20,105	-0,49	
20,11	-0,5	
20,115	-0,51	
20,12	-0,52	
20,125	-0,53	
20,13	-0,55	
20,135	-0,56	
20,14	-0,56	
20,145	-0,57	
20,15	-0,57	
20,155	-0,58	
20,16	-0,59	
20,165	-0,59	
20,17	-0,6	
20,175	-0,61	
20,18	-0,62	
20,185	-0,63	
20,19	-0,63	
20,195	-0,63	
20,2	-0,63	
20,205	-0,63	
20,21	-0,63	
20,215	-0,63	
20,22	-0,64	
20,225	-0,64	
20,23	-0,65	
