t, ñ	wz			
7,0	-0,55	
7,005	-0,56	
7,01	-0,59	
7,015	-0,63	
7,02	-0,66	
7,025	-0,69	
7,03	-0,7	
7,035	-0,71	
7,04	-0,7	
7,045	-0,69	
7,05	-0,69	
7,055	-0,69	
7,06	-0,72	
7,065	-0,74	
7,07	-0,77	
7,075	-0,79	
7,08	-0,8	
7,085	-0,8	
7,09	-0,79	
7,095	-0,78	
7,1	-0,77	
7,105	-0,78	
7,11	-0,79	
7,115	-0,81	
7,12	-0,82	
7,125	-0,83	
7,13	-0,83	
7,135	-0,82	
7,14	-0,81	
7,145	-0,8	
7,15	-0,8	
7,155	-0,81	
7,16	-0,81	
7,165	-0,82	
7,17	-0,83	
7,175	-0,83	
7,18	-0,82	
7,185	-0,8	
7,19	-0,78	
7,195	-0,78	
7,2	-0,78	
7,205	-0,78	
7,21	-0,78	
7,215	-0,79	
7,22	-0,78	
7,225	-0,77	
7,23	-0,75	
7,235	-0,72	
7,24	-0,7	
7,245	-0,7	
7,25	-0,69	
7,255	-0,69	
7,26	-0,69	
7,265	-0,68	
7,27	-0,67	
7,275	-0,65	
7,28	-0,61	
7,285	-0,59	
7,29	-0,58	
7,295	-0,57	
7,3	-0,57	
7,305	-0,56	
7,31	-0,56	
7,315	-0,55	
7,32	-0,52	
7,325	-0,48	
7,33	-0,45	
7,335	-0,42	
7,34	-0,4	
7,345	-0,39	
7,35	-0,39	
7,355	-0,38	
7,36	-0,38	
7,365	-0,37	
7,37	-0,34	
7,375	-0,31	
7,38	-0,27	
7,385	-0,24	
7,39	-0,21	
7,395	-0,19	
7,4	-0,18	
7,405	-0,18	
7,41	-0,17	
7,415	-0,17	
7,42	-0,14	
7,425	-0,11	
7,43	-0,07	
7,435	-0,03	
7,44	0,01	
7,445	0,04	
7,45	0,05	
7,455	0,05	
7,46	0,05	
7,465	0,05	
7,47	0,07	
7,475	0,1	
7,48	0,14	
7,485	0,18	
7,49	0,22	
7,495	0,25	
7,5	0,26	
7,505	0,26	
7,51	0,26	
7,515	0,25	
7,52	0,26	
7,525	0,29	
7,53	0,33	
7,535	0,37	
7,54	0,42	
7,545	0,45	
7,55	0,47	
7,555	0,47	
7,56	0,46	
7,565	0,45	
7,57	0,46	
7,575	0,48	
7,58	0,52	
7,585	0,55	
7,59	0,59	
7,595	0,62	
7,6	0,63	
7,605	0,62	
7,61	0,61	
7,615	0,6	
7,62	0,61	
7,625	0,62	
7,63	0,65	
7,635	0,68	
7,64	0,72	
7,645	0,74	
7,65	0,75	
7,655	0,74	
7,66	0,73	
7,665	0,72	
7,67	0,73	
7,675	0,74	
7,68	0,76	
7,685	0,78	
7,69	0,8	
7,695	0,81	
7,7	0,8	
7,705	0,8	
7,71	0,79	
7,715	0,79	
7,72	0,8	
7,725	0,8	
7,73	0,82	
7,735	0,83	
7,74	0,83	
7,745	0,82	
7,75	0,81	
7,755	0,81	
7,76	0,8	
7,765	0,81	
7,77	0,81	
7,775	0,82	
7,78	0,82	
7,785	0,81	
7,79	0,8	
7,795	0,78	
7,8	0,77	
7,805	0,76	
7,81	0,75	
7,815	0,76	
7,82	0,76	
7,825	0,77	
7,83	0,76	
7,835	0,74	
7,84	0,71	
7,845	0,69	
7,85	0,67	
7,855	0,66	
7,86	0,65	
7,865	0,66	
7,87	0,67	
7,875	0,66	
7,88	0,65	
7,885	0,62	
7,89	0,59	
7,895	0,56	
7,9	0,53	
7,905	0,51	
7,91	0,51	
7,915	0,51	
7,92	0,51	
7,925	0,5	
7,93	0,48	
7,935	0,45	
7,94	0,42	
7,945	0,38	
7,95	0,36	
7,955	0,34	
7,96	0,33	
7,965	0,32	
7,97	0,32	
7,975	0,31	
7,98	0,29	
7,985	0,26	
7,99	0,23	
7,995	0,19	
8,0	0,16	
8,005	0,14	
8,01	0,12	
8,015	0,11	
8,02	0,11	
8,025	0,09	
8,03	0,08	
8,035	0,05	
8,04	0,02	
8,045	-0,02	
8,05	-0,05	
8,055	-0,08	
8,06	-0,1	
8,065	-0,11	
8,07	-0,12	
8,075	-0,13	
8,08	-0,15	
8,085	-0,17	
8,09	-0,2	
8,095	-0,22	
8,1	-0,26	
8,105	-0,28	
8,11	-0,3	
8,115	-0,31	
8,12	-0,33	
8,125	-0,34	
8,13	-0,35	
8,135	-0,37	
8,14	-0,4	
8,145	-0,43	
8,15	-0,45	
8,155	-0,47	
8,16	-0,48	
8,165	-0,5	
8,17	-0,51	
8,175	-0,52	
8,18	-0,53	
8,185	-0,55	
8,19	-0,58	
8,195	-0,6	
8,2	-0,62	
8,205	-0,63	
8,21	-0,64	
8,215	-0,65	
8,22	-0,66	
8,225	-0,67	
8,23	-0,68	
8,235	-0,71	
8,24	-0,72	
8,245	-0,74	
8,25	-0,75	
8,255	-0,75	
8,26	-0,75	
8,265	-0,76	
8,27	-0,76	
8,275	-0,77	
8,28	-0,78	
8,285	-0,8	
8,29	-0,81	
8,295	-0,82	
8,3	-0,82	
8,305	-0,82	
8,31	-0,81	
8,315	-0,81	
8,32	-0,8	
8,325	-0,81	
8,33	-0,82	
8,335	-0,84	
8,34	-0,85	
8,345	-0,85	
8,35	-0,85	
8,355	-0,84	
8,36	-0,82	
8,365	-0,8	
8,37	-0,79	
8,375	-0,79	
8,38	-0,8	
8,385	-0,81	
8,39	-0,83	
8,395	-0,83	
8,4	-0,82	
8,405	-0,8	
8,41	-0,78	
8,415	-0,75	
8,42	-0,73	
8,425	-0,72	
8,43	-0,73	
8,435	-0,73	
8,44	-0,74	
8,445	-0,74	
8,45	-0,73	
8,455	-0,71	
8,46	-0,68	
8,465	-0,63	
8,47	-0,61	
8,475	-0,6	
8,48	-0,6	
8,485	-0,61	
8,49	-0,61	
8,495	-0,61	
8,5	-0,59	
8,505	-0,57	
8,51	-0,52	
8,515	-0,49	
8,52	-0,46	
8,525	-0,45	
8,53	-0,44	
8,535	-0,44	
8,54	-0,44	
8,545	-0,43	
8,55	-0,42	
8,555	-0,37	
8,56	-0,33	
8,565	-0,3	
8,57	-0,28	
8,575	-0,26	
8,58	-0,25	
8,585	-0,25	
8,59	-0,24	
8,595	-0,22	
8,6	-0,19	
8,605	-0,16	
8,61	-0,13	
8,615	-0,1	
8,62	-0,08	
8,625	-0,06	
8,63	-0,04	
8,635	-0,03	
8,64	-0,02	
8,645	0,01	
8,65	0,03	
8,655	0,06	
8,66	0,08	
8,665	0,1	
8,67	0,12	
8,675	0,14	
8,68	0,16	
8,685	0,18	
8,69	0,22	
8,695	0,24	
8,7	0,26	
8,705	0,28	
8,71	0,3	
8,715	0,31	
8,72	0,32	
8,725	0,34	
8,73	0,35	
8,735	0,39	
8,74	0,42	
8,745	0,45	
8,75	0,47	
8,755	0,49	
8,76	0,5	
8,765	0,5	
8,77	0,5	
8,775	0,51	
8,78	0,52	
8,785	0,56	
8,79	0,59	
8,795	0,61	
8,8	0,64	
8,805	0,65	
8,81	0,65	
8,815	0,65	
8,82	0,65	
8,825	0,65	
8,83	0,66	
8,835	0,68	
8,84	0,71	
8,845	0,74	
8,85	0,77	
8,855	0,78	
8,86	0,78	
8,865	0,78	
8,87	0,77	
8,875	0,76	
8,88	0,76	
8,885	0,77	
8,89	0,79	
8,895	0,81	
8,9	0,83	
8,905	0,84	
8,91	0,84	
8,915	0,83	
8,92	0,81	
8,925	0,8	
8,93	0,8	
8,935	0,8	
8,94	0,81	
8,945	0,83	
8,95	0,84	
8,955	0,85	
8,96	0,85	
8,965	0,84	
8,97	0,82	
8,975	0,8	
8,98	0,78	
8,985	0,78	
8,99	0,78	
8,995	0,79	
9,0	0,79	
9,005	0,8	
9,01	0,8	
9,015	0,78	
9,02	0,76	
9,025	0,73	
9,03	0,72	
9,035	0,7	
9,04	0,69	
9,045	0,69	
9,05	0,7	
9,055	0,7	
9,06	0,7	
9,065	0,68	
9,07	0,65	
9,075	0,63	
9,08	0,6	
9,085	0,58	
9,09	0,56	
9,095	0,55	
9,1	0,55	
9,105	0,55	
9,11	0,54	
9,115	0,52	
9,12	0,5	
9,125	0,47	
9,13	0,44	
9,135	0,42	
9,14	0,4	
9,145	0,38	
9,15	0,37	
9,155	0,36	
9,16	0,34	
9,165	0,33	
9,17	0,3	
9,175	0,28	
9,18	0,25	
9,185	0,23	
9,19	0,2	
9,195	0,19	
9,2	0,17	
9,205	0,15	
9,21	0,13	
9,215	0,1	
9,22	0,08	
9,225	0,05	
9,23	0,04	
9,235	0,02	
9,24	-0,01	
9,245	-0,02	
9,25	-0,04	
9,255	-0,07	
9,26	-0,09	
9,265	-0,12	
9,27	-0,15	
9,275	-0,17	
9,28	-0,18	
9,285	-0,2	
9,29	-0,21	
9,295	-0,22	
9,3	-0,25	
9,305	-0,27	
9,31	-0,31	
9,315	-0,34	
9,32	-0,36	
9,325	-0,38	
9,33	-0,39	
9,335	-0,39	
9,34	-0,4	
9,345	-0,41	
9,35	-0,44	
9,355	-0,46	
9,36	-0,5	
9,365	-0,53	
9,37	-0,55	
9,375	-0,57	
9,38	-0,57	
9,385	-0,57	
9,39	-0,57	
9,395	-0,58	
9,4	-0,59	
9,405	-0,62	
9,41	-0,65	
9,415	-0,68	
9,42	-0,71	
9,425	-0,72	
9,43	-0,71	
9,435	-0,71	
9,44	-0,7	
9,445	-0,71	
9,45	-0,72	
9,455	-0,74	
9,46	-0,76	
9,465	-0,79	
9,47	-0,81	
9,475	-0,81	
9,48	-0,81	
9,485	-0,8	
9,49	-0,79	
9,495	-0,79	
9,5	-0,79	
9,505	-0,81	
9,51	-0,83	
9,515	-0,84	
9,52	-0,85	
9,525	-0,85	
9,53	-0,84	
9,535	-0,84	
9,54	-0,83	
9,545	-0,82	
9,55	-0,82	
9,555	-0,82	
9,56	-0,83	
9,565	-0,83	
9,57	-0,83	
9,575	-0,83	
9,58	-0,82	
9,585	-0,81	
9,59	-0,8	
9,595	-0,79	
9,6	-0,78	
9,605	-0,78	
9,61	-0,77	
9,615	-0,77	
9,62	-0,76	
9,625	-0,75	
9,63	-0,74	
9,635	-0,73	
9,64	-0,72	
9,645	-0,71	
9,65	-0,7	
9,655	-0,69	
9,66	-0,67	
9,665	-0,65	
9,67	-0,64	
9,675	-0,62	
9,68	-0,61	
9,685	-0,6	
9,69	-0,59	
9,695	-0,57	
9,7	-0,56	
9,705	-0,54	
9,71	-0,52	
9,715	-0,5	
9,72	-0,48	
9,725	-0,46	
9,73	-0,44	
9,735	-0,43	
9,74	-0,41	
9,745	-0,4	
9,75	-0,39	
9,755	-0,38	
9,76	-0,35	
9,765	-0,33	
9,77	-0,29	
9,775	-0,27	
9,78	-0,24	
9,785	-0,21	
9,79	-0,2	
9,795	-0,19	
9,8	-0,18	
9,805	-0,17	
9,81	-0,15	
9,815	-0,12	
9,82	-0,09	
9,825	-0,06	
9,83	-0,01	
9,835	0,01	
9,84	0,02	
9,845	0,03	
9,85	0,04	
9,855	0,05	
9,86	0,06	
9,865	0,08	
9,87	0,12	
9,875	0,17	
9,88	0,21	
9,885	0,23	
9,89	0,25	
9,895	0,26	
9,9	0,26	
9,905	0,26	
9,91	0,27	
9,915	0,29	
9,92	0,34	
9,925	0,38	
9,93	0,41	
9,935	0,44	
9,94	0,45	
9,945	0,46	
9,95	0,46	
9,955	0,46	
9,96	0,47	
9,965	0,49	
9,97	0,52	
9,975	0,55	
9,98	0,58	
9,985	0,6	
9,99	0,62	
9,995	0,63	
10,0	0,63	
10,005	0,63	
10,01	0,63	
10,015	0,64	
10,02	0,66	
10,025	0,69	
10,03	0,71	
10,035	0,73	
10,04	0,74	
10,045	0,75	
10,05	0,75	
10,055	0,75	
10,06	0,75	
10,065	0,75	
10,07	0,76	
10,075	0,77	
10,08	0,79	
10,085	0,8	
10,09	0,82	
10,095	0,82	
10,1	0,82	
10,105	0,82	
10,11	0,82	
10,115	0,82	
10,12	0,83	
10,125	0,83	
10,13	0,83	
10,135	0,83	
10,14	0,83	
10,145	0,83	
10,15	0,83	
10,155	0,83	
10,16	0,83	
10,165	0,83	
10,17	0,83	
10,175	0,82	
10,18	0,81	
10,185	0,8	
10,19	0,79	
10,195	0,78	
10,2	0,78	
10,205	0,78	
10,21	0,78	
10,215	0,78	
10,22	0,77	
10,225	0,75	
10,23	0,74	
10,235	0,72	
10,24	0,69	
10,245	0,68	
10,25	0,68	
10,255	0,68	
10,26	0,67	
10,265	0,67	
10,27	0,66	
10,275	0,64	
10,28	0,62	
10,285	0,58	
10,29	0,56	
10,295	0,54	
10,3	0,53	
10,305	0,53	
10,31	0,52	
10,315	0,52	
10,32	0,51	
10,325	0,48	
10,33	0,45	
10,335	0,42	
10,34	0,39	
10,345	0,37	
10,35	0,35	
10,355	0,34	
10,36	0,33	
10,365	0,32	
10,37	0,31	
10,375	0,28	
10,38	0,25	
10,385	0,22	
10,39	0,19	
10,395	0,16	
10,4	0,14	
10,405	0,12	
10,41	0,11	
10,415	0,1	
10,42	0,09	
10,425	0,07	
10,43	0,05	
10,435	0,02	
10,44	-0,01	
10,445	-0,05	
10,45	-0,07	
10,455	-0,09	
10,46	-0,11	
10,465	-0,12	
10,47	-0,14	
10,475	-0,15	
10,48	-0,18	
10,485	-0,2	
10,49	-0,23	
10,495	-0,25	
10,5	-0,28	
10,505	-0,3	
10,51	-0,32	
10,515	-0,34	
10,52	-0,35	
10,525	-0,36	
10,53	-0,38	
10,535	-0,4	
10,54	-0,42	
10,545	-0,44	
10,55	-0,47	
10,555	-0,5	
10,56	-0,51	
10,565	-0,53	
10,57	-0,54	
10,575	-0,55	
10,58	-0,56	
10,585	-0,58	
10,59	-0,59	
10,595	-0,61	
10,6	-0,62	
10,605	-0,65	
10,61	-0,67	
10,615	-0,68	
10,62	-0,69	
10,625	-0,7	
10,63	-0,71	
10,635	-0,71	
10,64	-0,72	
10,645	-0,73	
10,65	-0,74	
10,655	-0,75	
10,66	-0,76	
10,665	-0,77	
10,67	-0,78	
10,675	-0,8	
10,68	-0,8	
10,685	-0,81	
10,69	-0,81	
10,695	-0,81	
10,7	-0,81	
10,705	-0,81	
10,71	-0,81	
10,715	-0,82	
10,72	-0,83	
10,725	-0,84	
10,73	-0,84	
10,735	-0,84	
10,74	-0,84	
10,745	-0,83	
10,75	-0,82	
10,755	-0,81	
10,76	-0,8	
10,765	-0,81	
10,77	-0,81	
10,775	-0,82	
10,78	-0,83	
10,785	-0,83	
10,79	-0,82	
10,795	-0,8	
10,8	-0,78	
10,805	-0,76	
10,81	-0,75	
10,815	-0,74	
10,82	-0,74	
10,825	-0,75	
10,83	-0,75	
10,835	-0,75	
10,84	-0,73	
10,845	-0,71	
10,85	-0,68	
10,855	-0,66	
10,86	-0,64	
10,865	-0,62	
10,87	-0,62	
10,875	-0,62	
10,88	-0,62	
10,885	-0,62	
10,89	-0,6	
10,895	-0,58	
10,9	-0,55	
10,905	-0,52	
10,91	-0,49	
10,915	-0,47	
10,92	-0,46	
10,925	-0,45	
10,93	-0,45	
10,935	-0,44	
10,94	-0,43	
10,945	-0,4	
10,95	-0,38	
10,955	-0,34	
10,96	-0,31	
10,965	-0,28	
10,97	-0,27	
10,975	-0,25	
10,98	-0,24	
10,985	-0,23	
10,99	-0,22	
10,995	-0,2	
11,0	-0,17	
11,005	-0,15	
11,01	-0,1	
11,015	-0,08	
11,02	-0,06	
11,025	-0,04	
11,03	-0,02	
11,035	-0,01	
11,04	0,01	
11,045	0,03	
11,05	0,05	
11,055	0,07	
11,06	0,11	
11,065	0,13	
11,07	0,15	
11,075	0,18	
11,08	0,2	
11,085	0,22	
11,09	0,24	
11,095	0,25	
11,1	0,27	
11,105	0,29	
11,11	0,31	
11,115	0,33	
11,12	0,35	
11,125	0,37	
11,13	0,4	
11,135	0,42	
11,14	0,43	
11,145	0,45	
11,15	0,46	
11,155	0,48	
11,16	0,49	
11,165	0,51	
11,17	0,53	
11,175	0,55	
11,18	0,57	
11,185	0,59	
11,19	0,6	
11,195	0,62	
11,2	0,63	
11,205	0,64	
11,21	0,65	
11,215	0,66	
11,22	0,67	
11,225	0,68	
11,23	0,7	
11,235	0,72	
11,24	0,74	
11,245	0,75	
11,25	0,76	
11,255	0,76	
11,26	0,76	
11,265	0,76	
11,27	0,76	
11,275	0,76	
11,28	0,78	
11,285	0,8	
11,29	0,81	
11,295	0,83	
11,3	0,83	
11,305	0,83	
11,31	0,83	
11,315	0,82	
11,32	0,81	
11,325	0,81	
11,33	0,81	
11,335	0,82	
11,34	0,83	
11,345	0,83	
11,35	0,84	
11,355	0,84	
11,36	0,83	
11,365	0,81	
11,37	0,8	
11,375	0,78	
11,38	0,78	
11,385	0,78	
11,39	0,79	
11,395	0,79	
11,4	0,79	
11,405	0,79	
11,41	0,77	
11,415	0,76	
11,42	0,73	
11,425	0,72	
11,43	0,71	
11,435	0,7	
11,44	0,7	
11,445	0,7	
11,45	0,69	
11,455	0,69	
11,46	0,67	
11,465	0,64	
11,47	0,62	
11,475	0,6	
11,48	0,58	
11,485	0,57	
11,49	0,57	
11,495	0,55	
11,5	0,55	
11,505	0,53	
11,51	0,51	
11,515	0,48	
11,52	0,46	
11,525	0,44	
11,53	0,42	
11,535	0,41	
11,54	0,39	
11,545	0,37	
11,55	0,35	
11,555	0,33	
11,56	0,31	
11,565	0,29	
11,57	0,27	
11,575	0,25	
11,58	0,24	
11,585	0,22	
11,59	0,2	
11,595	0,17	
11,6	0,15	
11,605	0,11	
11,61	0,09	
11,615	0,08	
11,62	0,06	
11,625	0,04	
11,63	0,03	
11,635	0,01	
11,64	-0,01	
11,645	-0,04	
11,65	-0,07	
11,655	-0,1	
11,66	-0,12	
11,665	-0,14	
11,67	-0,16	
11,675	-0,17	
11,68	-0,18	
11,685	-0,2	
11,69	-0,22	
11,695	-0,26	
11,7	-0,29	
11,705	-0,31	
11,71	-0,34	
11,715	-0,35	
11,72	-0,37	
11,725	-0,37	
11,73	-0,38	
11,735	-0,39	
11,74	-0,42	
11,745	-0,45	
11,75	-0,47	
11,755	-0,5	
11,76	-0,53	
11,765	-0,54	
11,77	-0,55	
11,775	-0,56	
11,78	-0,56	
11,785	-0,57	
11,79	-0,58	
11,795	-0,6	
11,8	-0,62	
11,805	-0,64	
11,81	-0,67	
11,815	-0,68	
11,82	-0,69	
11,825	-0,7	
11,83	-0,69	
11,835	-0,7	
11,84	-0,71	
11,845	-0,72	
11,85	-0,73	
11,855	-0,75	
11,86	-0,77	
11,865	-0,78	
11,87	-0,79	
11,875	-0,79	
11,88	-0,79	
11,885	-0,79	
11,89	-0,79	
11,895	-0,79	
11,9	-0,8	
11,905	-0,8	
11,91	-0,82	
11,915	-0,83	
11,92	-0,83	
11,925	-0,83	
11,93	-0,82	
11,935	-0,81	
11,94	-0,81	
11,945	-0,8	
11,95	-0,8	
11,955	-0,81	
11,96	-0,81	
11,965	-0,82	
11,97	-0,82	
11,975	-0,81	
11,98	-0,8	
11,985	-0,79	
11,99	-0,78	
11,995	-0,77	
12,0	-0,76	
12,005	-0,76	
12,01	-0,75	
12,015	-0,74	
12,02	-0,74	
12,025	-0,73	
12,03	-0,73	
12,035	-0,71	
12,04	-0,7	
12,045	-0,68	
12,05	-0,67	
12,055	-0,65	
12,06	-0,63	
12,065	-0,62	
12,07	-0,62	
12,075	-0,61	
12,08	-0,6	
12,085	-0,59	
12,09	-0,58	
12,095	-0,56	
12,1	-0,54	
12,105	-0,5	
12,11	-0,48	
12,115	-0,46	
12,12	-0,45	
12,125	-0,43	
12,13	-0,42	
12,135	-0,41	
12,14	-0,4	
12,145	-0,38	
12,15	-0,35	
12,155	-0,33	
12,16	-0,3	
12,165	-0,28	
12,17	-0,25	
12,175	-0,23	
12,18	-0,22	
12,185	-0,21	
12,19	-0,19	
12,195	-0,18	
12,2	-0,16	
12,205	-0,13	
12,21	-0,1	
12,215	-0,07	
12,22	-0,04	
12,225	-0,02	
12,23	0	
12,235	0,01	
12,24	0,03	
12,245	0,04	
12,25	0,05	
12,255	0,08	
12,26	0,11	
12,265	0,14	
12,27	0,17	
12,275	0,2	
12,28	0,22	
12,285	0,23	
12,29	0,24	
12,295	0,25	
12,3	0,26	
12,305	0,28	
12,31	0,31	
12,315	0,33	
12,32	0,37	
12,325	0,39	
12,33	0,42	
12,335	0,43	
12,34	0,43	
12,345	0,44	
12,35	0,45	
12,355	0,47	
12,36	0,49	
12,365	0,52	
12,37	0,54	
12,375	0,57	
12,38	0,59	
12,385	0,6	
12,39	0,6	
12,395	0,6	
12,4	0,61	
12,405	0,62	
12,41	0,64	
12,415	0,65	
12,42	0,67	
12,425	0,7	
12,43	0,71	
12,435	0,72	
12,44	0,72	
12,445	0,73	
12,45	0,73	
12,455	0,74	
12,46	0,75	
12,465	0,76	
12,47	0,77	
12,475	0,78	
12,48	0,78	
12,485	0,79	
12,49	0,79	
12,495	0,79	
12,5	0,8	
12,505	0,8	
12,51	0,8	
12,515	0,8	
12,52	0,8	
12,525	0,8	
12,53	0,8	
12,535	0,81	
12,54	0,81	
12,545	0,81	
12,55	0,81	
12,555	0,81	
12,56	0,8	
12,565	0,79	
12,57	0,79	
12,575	0,78	
12,58	0,77	
12,585	0,77	
12,59	0,77	
12,595	0,77	
12,6	0,76	
12,605	0,76	
12,61	0,75	
12,615	0,73	
12,62	0,72	
12,625	0,71	
12,63	0,7	
12,635	0,69	
12,64	0,68	
12,645	0,67	
12,65	0,66	
12,655	0,65	
12,66	0,64	
12,665	0,63	
12,67	0,61	
12,675	0,59	
12,68	0,57	
12,685	0,56	
12,69	0,54	
12,695	0,53	
12,7	0,51	
12,705	0,5	
12,71	0,49	
12,715	0,47	
12,72	0,45	
12,725	0,43	
12,73	0,41	
12,735	0,39	
12,74	0,36	
12,745	0,34	
12,75	0,32	
12,755	0,31	
12,76	0,3	
12,765	0,28	
12,77	0,27	
12,775	0,25	
12,78	0,22	
12,785	0,19	
12,79	0,16	
12,795	0,14	
12,8	0,12	
12,805	0,11	
12,81	0,09	
12,815	0,08	
12,82	0,06	
12,825	0,04	
12,83	0	
12,835	-0,03	
12,84	-0,05	
12,845	-0,07	
12,85	-0,09	
12,855	-0,11	
12,86	-0,12	
12,865	-0,14	
12,87	-0,15	
12,875	-0,17	
12,88	-0,2	
12,885	-0,22	
12,89	-0,25	
12,895	-0,27	
12,9	-0,29	
12,905	-0,31	
12,91	-0,32	
12,915	-0,34	
12,92	-0,36	
12,925	-0,38	
12,93	-0,4	
12,935	-0,42	
12,94	-0,44	
12,945	-0,46	
12,95	-0,48	
12,955	-0,49	
12,96	-0,51	
12,965	-0,52	
12,97	-0,54	
12,975	-0,55	
12,98	-0,56	
12,985	-0,58	
12,99	-0,59	
12,995	-0,61	
13,0	-0,62	
13,005	-0,64	
13,01	-0,65	
13,015	-0,67	
13,02	-0,68	
13,025	-0,69	
13,03	-0,7	
13,035	-0,71	
13,04	-0,71	
13,045	-0,72	
13,05	-0,73	
13,055	-0,74	
13,06	-0,75	
13,065	-0,76	
13,07	-0,77	
13,075	-0,78	
13,08	-0,78	
13,085	-0,78	
13,09	-0,78	
13,095	-0,78	
13,1	-0,78	
13,105	-0,79	
13,11	-0,8	
13,115	-0,81	
13,12	-0,82	
13,125	-0,82	
13,13	-0,82	
13,135	-0,81	
13,14	-0,8	
13,145	-0,79	
13,15	-0,78	
13,155	-0,79	
13,16	-0,79	
13,165	-0,8	
13,17	-0,8	
13,175	-0,8	
13,18	-0,79	
13,185	-0,78	
13,19	-0,76	
13,195	-0,74	
13,2	-0,72	
13,205	-0,72	
13,21	-0,72	
13,215	-0,72	
13,22	-0,73	
13,225	-0,72	
13,23	-0,71	
13,235	-0,7	
13,24	-0,66	
13,245	-0,64	
13,25	-0,63	
13,255	-0,61	
13,26	-0,61	
13,265	-0,6	
13,27	-0,6	
13,275	-0,59	
13,28	-0,58	
13,285	-0,55	
13,29	-0,53	
13,295	-0,51	
13,3	-0,48	
13,305	-0,47	
13,31	-0,45	
13,315	-0,44	
13,32	-0,43	
13,325	-0,42	
13,33	-0,41	
13,335	-0,39	
13,34	-0,36	
13,345	-0,34	
13,35	-0,32	
13,355	-0,29	
13,36	-0,27	
13,365	-0,25	
13,37	-0,24	
13,375	-0,22	
13,38	-0,21	
13,385	-0,19	
13,39	-0,17	
13,395	-0,15	
13,4	-0,13	
13,405	-0,1	
13,41	-0,07	
13,415	-0,05	
13,42	-0,03	
13,425	-0,01	
13,43	0,01	
13,435	0,02	
13,44	0,04	
13,445	0,06	
13,45	0,08	
13,455	0,11	
13,46	0,13	
13,465	0,16	
13,47	0,19	
13,475	0,2	
13,48	0,21	
13,485	0,23	
13,49	0,24	
13,495	0,26	
13,5	0,28	
13,505	0,3	
13,51	0,33	
13,515	0,37	
13,52	0,39	
13,525	0,4	
13,53	0,42	
13,535	0,43	
13,54	0,44	
13,545	0,45	
13,55	0,47	
13,555	0,48	
13,56	0,51	
13,565	0,53	
13,57	0,55	
13,575	0,56	
13,58	0,58	
13,585	0,59	
13,59	0,6	
13,595	0,61	
13,6	0,62	
13,605	0,64	
13,61	0,65	
13,615	0,66	
13,62	0,67	
13,625	0,69	
13,63	0,7	
13,635	0,71	
13,64	0,72	
13,645	0,73	
13,65	0,73	
13,655	0,73	
13,66	0,74	
13,665	0,74	
13,67	0,75	
13,675	0,76	
13,68	0,77	
13,685	0,78	
13,69	0,79	
13,695	0,79	
13,7	0,79	
13,705	0,78	
13,71	0,78	
13,715	0,78	
13,72	0,78	
13,725	0,79	
13,73	0,79	
13,735	0,8	
13,74	0,8	
13,745	0,8	
13,75	0,79	
13,755	0,78	
13,76	0,77	
13,765	0,76	
13,77	0,75	
13,775	0,76	
13,78	0,76	
13,785	0,76	
13,79	0,76	
13,795	0,75	
13,8	0,74	
13,805	0,72	
13,81	0,71	
13,815	0,69	
13,82	0,68	
13,825	0,68	
13,83	0,68	
13,835	0,67	
13,84	0,66	
13,845	0,65	
13,85	0,64	
13,855	0,62	
13,86	0,6	
13,865	0,59	
13,87	0,57	
13,875	0,56	
13,88	0,55	
13,885	0,54	
13,89	0,52	
13,895	0,51	
13,9	0,49	
13,905	0,47	
13,91	0,45	
13,915	0,43	
13,92	0,42	
13,925	0,39	
13,93	0,38	
13,935	0,36	
13,94	0,34	
13,945	0,32	
13,95	0,3	
13,955	0,28	
13,96	0,27	
13,965	0,25	
13,97	0,22	
13,975	0,21	
13,98	0,19	
13,985	0,17	
13,99	0,14	
13,995	0,12	
14,0	0,1	
14,005	0,08	
14,01	0,06	
14,015	0,04	
14,02	0,02	
14,025	0,01	
14,03	-0,01	
14,035	-0,04	
14,04	-0,06	
14,045	-0,09	
14,05	-0,11	
14,055	-0,13	
14,06	-0,15	
14,065	-0,17	
14,07	-0,18	
14,075	-0,2	
14,08	-0,22	
14,085	-0,24	
14,09	-0,26	
14,095	-0,29	
14,1	-0,31	
14,105	-0,33	
14,11	-0,35	
14,115	-0,36	
14,12	-0,38	
14,125	-0,39	
14,13	-0,41	
14,135	-0,42	
14,14	-0,45	
14,145	-0,47	
14,15	-0,49	
14,155	-0,51	
14,16	-0,52	
14,165	-0,53	
14,17	-0,54	
14,175	-0,55	
14,18	-0,56	
14,185	-0,57	
14,19	-0,59	
14,195	-0,62	
14,2	-0,64	
14,205	-0,65	
14,21	-0,66	
14,215	-0,66	
14,22	-0,67	
14,225	-0,67	
14,23	-0,68	
14,235	-0,69	
14,24	-0,71	
14,245	-0,72	
14,25	-0,73	
14,255	-0,74	
14,26	-0,75	
14,265	-0,75	
14,27	-0,76	
14,275	-0,76	
14,28	-0,75	
14,285	-0,76	
14,29	-0,76	
14,295	-0,77	
14,3	-0,78	
14,305	-0,79	
14,31	-0,79	
14,315	-0,79	
14,32	-0,79	
14,325	-0,79	
14,33	-0,78	
14,335	-0,77	
14,34	-0,77	
14,345	-0,77	
14,35	-0,77	
14,355	-0,78	
14,36	-0,78	
14,365	-0,78	
14,37	-0,77	
14,375	-0,76	
14,38	-0,74	
14,385	-0,73	
14,39	-0,72	
14,395	-0,71	
14,4	-0,71	
14,405	-0,71	
14,41	-0,71	
14,415	-0,7	
14,42	-0,7	
14,425	-0,68	
14,43	-0,67	
14,435	-0,65	
14,44	-0,63	
14,445	-0,62	
14,45	-0,61	
14,455	-0,6	
14,46	-0,59	
14,465	-0,58	
14,47	-0,57	
14,475	-0,55	
14,48	-0,54	
14,485	-0,52	
14,49	-0,5	
14,495	-0,48	
14,5	-0,46	
14,505	-0,45	
14,51	-0,43	
14,515	-0,41	
14,52	-0,39	
14,525	-0,38	
14,53	-0,37	
14,535	-0,35	
14,54	-0,34	
14,545	-0,31	
14,55	-0,29	
14,555	-0,27	
14,56	-0,24	
14,565	-0,22	
14,57	-0,2	
14,575	-0,19	
14,58	-0,17	
14,585	-0,16	
14,59	-0,14	
14,595	-0,12	
14,6	-0,09	
14,605	-0,05	
14,61	-0,03	
14,615	-0,01	
14,62	0,01	
14,625	0,02	
14,63	0,03	
14,635	0,04	
14,64	0,06	
14,645	0,08	
14,65	0,12	
14,655	0,15	
14,66	0,17	
14,665	0,2	
14,67	0,22	
14,675	0,23	
14,68	0,24	
14,685	0,25	
14,69	0,26	
14,695	0,29	
14,7	0,31	
14,705	0,34	
14,71	0,37	
14,715	0,39	
14,72	0,41	
14,725	0,42	
14,73	0,42	
14,735	0,43	
14,74	0,44	
14,745	0,46	
14,75	0,48	
14,755	0,51	
14,76	0,53	
14,765	0,55	
14,77	0,56	
14,775	0,57	
14,78	0,58	
14,785	0,58	
14,79	0,6	
14,795	0,61	
14,8	0,63	
14,805	0,64	
14,81	0,66	
14,815	0,67	
14,82	0,68	
14,825	0,69	
14,83	0,7	
14,835	0,71	
14,84	0,71	
14,845	0,72	
14,85	0,72	
14,855	0,73	
14,86	0,74	
14,865	0,75	
14,87	0,75	
14,875	0,76	
14,88	0,77	
14,885	0,77	
14,89	0,77	
14,895	0,77	
14,9	0,77	
14,905	0,77	
14,91	0,77	
14,915	0,77	
14,92	0,78	
14,925	0,78	
14,93	0,78	
14,935	0,78	
14,94	0,78	
14,945	0,78	
14,95	0,77	
14,955	0,76	
14,96	0,75	
14,965	0,75	
14,97	0,74	
14,975	0,74	
14,98	0,74	
14,985	0,74	
14,99	0,73	
14,995	0,72	
15,0	0,71	
15,005	0,69	
15,01	0,69	
15,015	0,67	
15,02	0,67	
15,025	0,66	
15,03	0,65	
15,035	0,64	
15,04	0,63	
15,045	0,62	
15,05	0,6	
15,055	0,58	
15,06	0,56	
15,065	0,55	
15,07	0,54	
15,075	0,53	
15,08	0,51	
15,085	0,5	
15,09	0,48	
15,095	0,47	
15,1	0,45	
15,105	0,43	
15,11	0,42	
15,115	0,4	
15,12	0,38	
15,125	0,36	
15,13	0,35	
15,135	0,33	
15,14	0,31	
15,145	0,29	
15,15	0,26	
15,155	0,25	
15,16	0,23	
15,165	0,21	
15,17	0,19	
15,175	0,17	
15,18	0,15	
15,185	0,12	
15,19	0,11	
15,195	0,09	
15,2	0,06	
15,205	0,05	
15,21	0,03	
15,215	0,01	
15,22	-0,01	
15,225	-0,03	
15,23	-0,05	
15,235	-0,07	
15,24	-0,09	
15,245	-0,12	
15,25	-0,14	
15,255	-0,16	
15,26	-0,17	
15,265	-0,19	
15,27	-0,21	
15,275	-0,23	
15,28	-0,26	
15,285	-0,28	
15,29	-0,3	
15,295	-0,32	
15,3	-0,33	
15,305	-0,34	
15,31	-0,36	
15,315	-0,37	
15,32	-0,39	
15,325	-0,41	
15,33	-0,44	
15,335	-0,47	
15,34	-0,48	
15,345	-0,5	
15,35	-0,5	
15,355	-0,51	
15,36	-0,53	
15,365	-0,54	
15,37	-0,55	
15,375	-0,57	
15,38	-0,59	
15,385	-0,61	
15,39	-0,62	
15,395	-0,63	
15,4	-0,64	
15,405	-0,65	
15,41	-0,66	
15,415	-0,67	
15,42	-0,68	
15,425	-0,69	
15,43	-0,7	
15,435	-0,71	
15,44	-0,71	
15,445	-0,72	
15,45	-0,73	
15,455	-0,74	
15,46	-0,75	
15,465	-0,75	
15,47	-0,76	
15,475	-0,77	
15,48	-0,77	
15,485	-0,76	
15,49	-0,76	
15,495	-0,76	
15,5	-0,77	
15,505	-0,77	
15,51	-0,78	
15,515	-0,78	
15,52	-0,78	
15,525	-0,78	
15,53	-0,77	
15,535	-0,76	
15,54	-0,76	
15,545	-0,76	
15,55	-0,76	
15,555	-0,76	
15,56	-0,76	
15,565	-0,76	
15,57	-0,75	
15,575	-0,74	
15,58	-0,73	
15,585	-0,72	
15,59	-0,7	
15,595	-0,7	
15,6	-0,69	
15,605	-0,69	
15,61	-0,68	
15,615	-0,68	
15,62	-0,67	
15,625	-0,65	
15,63	-0,63	
15,635	-0,62	
15,64	-0,6	
15,645	-0,59	
15,65	-0,58	
15,655	-0,57	
15,66	-0,56	
15,665	-0,55	
15,67	-0,54	
15,675	-0,52	
15,68	-0,5	
15,685	-0,48	
15,69	-0,46	
15,695	-0,44	
15,7	-0,42	
15,705	-0,41	
15,71	-0,4	
15,715	-0,39	
15,72	-0,37	
15,725	-0,35	
15,73	-0,33	
15,735	-0,31	
15,74	-0,29	
15,745	-0,26	
15,75	-0,24	
15,755	-0,22	
15,76	-0,21	
15,765	-0,2	
15,77	-0,18	
15,775	-0,16	
15,78	-0,14	
15,785	-0,12	
15,79	-0,09	
15,795	-0,06	
15,8	-0,03	
15,805	-0,02	
15,81	0	
15,815	0,02	
15,82	0,03	
15,825	0,04	
15,83	0,05	
15,835	0,08	
15,84	0,11	
15,845	0,13	
15,85	0,16	
15,855	0,18	
15,86	0,2	
15,865	0,22	
15,87	0,23	
15,875	0,24	
15,88	0,26	
15,885	0,28	
15,89	0,3	
15,895	0,33	
15,9	0,35	
15,905	0,37	
15,91	0,39	
15,915	0,41	
15,92	0,42	
15,925	0,43	
15,93	0,44	
15,935	0,46	
15,94	0,47	
15,945	0,49	
15,95	0,51	
15,955	0,53	
15,96	0,55	
15,965	0,56	
15,97	0,58	
15,975	0,58	
15,98	0,59	
15,985	0,6	
15,99	0,61	
15,995	0,63	
16,0	0,64	
16,005	0,65	
16,01	0,67	
16,015	0,68	
16,02	0,69	
16,025	0,7	
16,03	0,7	
16,035	0,71	
16,04	0,72	
16,045	0,72	
16,05	0,73	
16,055	0,73	
16,06	0,74	
16,065	0,75	
16,07	0,76	
16,075	0,77	
16,08	0,77	
16,085	0,77	
16,09	0,77	
16,095	0,77	
16,1	0,76	
16,105	0,76	
16,11	0,76	
16,115	0,77	
16,12	0,77	
16,125	0,77	
16,13	0,78	
16,135	0,77	
16,14	0,77	
16,145	0,76	
16,15	0,75	
16,155	0,74	
16,16	0,73	
16,165	0,73	
16,17	0,73	
16,175	0,73	
16,18	0,73	
16,185	0,73	
16,19	0,72	
16,195	0,7	
16,2	0,68	
16,205	0,66	
16,21	0,65	
16,215	0,65	
16,22	0,64	
16,225	0,64	
16,23	0,63	
16,235	0,62	
16,24	0,61	
16,245	0,58	
16,25	0,56	
16,255	0,55	
16,26	0,53	
16,265	0,52	
16,27	0,51	
16,275	0,51	
16,28	0,49	
16,285	0,48	
16,29	0,45	
16,295	0,43	
16,3	0,41	
16,305	0,4	
16,31	0,37	
16,315	0,36	
16,32	0,34	
16,325	0,33	
16,33	0,31	
16,335	0,29	
16,34	0,27	
16,345	0,25	
16,35	0,23	
16,355	0,21	
16,36	0,19	
16,365	0,17	
16,37	0,16	
16,375	0,14	
16,38	0,11	
16,385	0,09	
16,39	0,07	
16,395	0,05	
16,4	0,03	
16,405	0,01	
16,41	0	
16,415	-0,02	
16,42	-0,04	
16,425	-0,07	
16,43	-0,09	
16,435	-0,11	
16,44	-0,13	
16,445	-0,15	
16,45	-0,17	
16,455	-0,19	
16,46	-0,2	
16,465	-0,22	
16,47	-0,25	
16,475	-0,27	
16,48	-0,29	
16,485	-0,31	
16,49	-0,33	
16,495	-0,34	
16,5	-0,36	
16,505	-0,37	
16,51	-0,39	
16,515	-0,41	
16,52	-0,43	
16,525	-0,45	
16,53	-0,47	
16,535	-0,49	
16,54	-0,5	
16,545	-0,52	
16,55	-0,53	
16,555	-0,54	
16,56	-0,55	
16,565	-0,57	
16,57	-0,58	
16,575	-0,6	
16,58	-0,61	
16,585	-0,62	
16,59	-0,63	
16,595	-0,65	
16,6	-0,65	
16,605	-0,66	
16,61	-0,68	
16,615	-0,68	
16,62	-0,69	
16,625	-0,7	
16,63	-0,71	
16,635	-0,72	
16,64	-0,73	
16,645	-0,73	
16,65	-0,74	
16,655	-0,75	
16,66	-0,75	
16,665	-0,75	
16,67	-0,75	
16,675	-0,75	
16,68	-0,76	
16,685	-0,76	
16,69	-0,77	
16,695	-0,77	
16,7	-0,78	
16,705	-0,78	
16,71	-0,78	
16,715	-0,78	
16,72	-0,77	
16,725	-0,76	
16,73	-0,76	
16,735	-0,75	
16,74	-0,75	
16,745	-0,76	
16,75	-0,76	
16,755	-0,76	
16,76	-0,75	
16,765	-0,74	
16,77	-0,73	
16,775	-0,72	
16,78	-0,71	
16,785	-0,7	
16,79	-0,69	
16,795	-0,69	
16,8	-0,68	
16,805	-0,68	
16,81	-0,67	
16,815	-0,65	
16,82	-0,64	
16,825	-0,62	
16,83	-0,61	
16,835	-0,59	
16,84	-0,58	
16,845	-0,57	
16,85	-0,56	
16,855	-0,55	
16,86	-0,54	
16,865	-0,53	
16,87	-0,51	
16,875	-0,49	
16,88	-0,46	
16,885	-0,44	
16,89	-0,42	
16,895	-0,41	
16,9	-0,4	
16,905	-0,39	
16,91	-0,37	
16,915	-0,36	
16,92	-0,34	
16,925	-0,31	
16,93	-0,29	
16,935	-0,27	
16,94	-0,25	
16,945	-0,23	
16,95	-0,21	
16,955	-0,2	
16,96	-0,18	
16,965	-0,16	
16,97	-0,13	
16,975	-0,11	
16,98	-0,1	
16,985	-0,07	
16,99	-0,05	
16,995	-0,03	
17,0	-0,01	
17,005	0,02	
17,01	0,03	
17,015	0,05	
17,02	0,06	
17,025	0,08	
17,03	0,09	
17,035	0,11	
17,04	0,14	
17,045	0,17	
17,05	0,19	
17,055	0,22	
17,06	0,23	
17,065	0,26	
17,07	0,26	
17,075	0,27	
17,08	0,29	
17,085	0,31	
17,09	0,33	
17,095	0,35	
17,1	0,38	
17,105	0,4	
17,11	0,43	
17,115	0,44	
17,12	0,45	
17,125	0,45	
17,13	0,46	
17,135	0,48	
17,14	0,5	
17,145	0,52	
17,15	0,54	
17,155	0,57	
17,16	0,58	
17,165	0,59	
17,17	0,59	
17,175	0,6	
17,18	0,61	
17,185	0,62	
17,19	0,63	
17,195	0,65	
17,2	0,67	
17,205	0,68	
17,21	0,69	
17,215	0,69	
17,22	0,7	
17,225	0,71	
17,23	0,72	
17,235	0,72	
17,24	0,73	
17,245	0,74	
17,25	0,75	
17,255	0,76	
17,26	0,76	
17,265	0,76	
17,27	0,77	
17,275	0,77	
17,28	0,77	
17,285	0,77	
17,29	0,76	
17,295	0,76	
17,3	0,76	
17,305	0,77	
17,31	0,77	
17,315	0,78	
17,32	0,78	
17,325	0,78	
17,33	0,78	
17,335	0,76	
17,34	0,76	
17,345	0,75	
17,35	0,74	
17,355	0,74	
17,36	0,74	
17,365	0,73	
17,37	0,73	
17,375	0,73	
17,38	0,71	
17,385	0,7	
17,39	0,69	
17,395	0,67	
17,4	0,66	
17,405	0,65	
17,41	0,64	
17,415	0,64	
17,42	0,63	
17,425	0,62	
17,43	0,61	
17,435	0,59	
17,44	0,58	
17,445	0,56	
17,45	0,54	
17,455	0,53	
17,46	0,52	
17,465	0,51	
17,47	0,5	
17,475	0,48	
17,48	0,46	
17,485	0,44	
17,49	0,43	
17,495	0,41	
17,5	0,39	
17,505	0,37	
17,51	0,35	
17,515	0,34	
17,52	0,31	
17,525	0,29	
17,53	0,27	
17,535	0,25	
17,54	0,24	
17,545	0,22	
17,55	0,2	
17,555	0,19	
17,56	0,17	
17,565	0,14	
17,57	0,12	
17,575	0,09	
17,58	0,07	
17,585	0,06	
17,59	0,04	
17,595	0,02	
17,6	0,01	
17,605	-0,01	
17,61	-0,04	
17,615	-0,07	
17,62	-0,09	
17,625	-0,11	
17,63	-0,13	
17,635	-0,15	
17,64	-0,16	
17,645	-0,18	
17,65	-0,19	
17,655	-0,22	
17,66	-0,24	
17,665	-0,26	
17,67	-0,29	
17,675	-0,31	
17,68	-0,33	
17,685	-0,34	
17,69	-0,36	
17,695	-0,37	
17,7	-0,39	
17,705	-0,4	
17,71	-0,42	
17,715	-0,44	
17,72	-0,46	
17,725	-0,48	
17,73	-0,5	
17,735	-0,51	
17,74	-0,53	
17,745	-0,54	
17,75	-0,55	
17,755	-0,56	
17,76	-0,58	
17,765	-0,59	
17,77	-0,61	
17,775	-0,62	
17,78	-0,64	
17,785	-0,65	
17,79	-0,66	
17,795	-0,67	
17,8	-0,67	
17,805	-0,68	
17,81	-0,69	
17,815	-0,7	
17,82	-0,71	
17,825	-0,72	
17,83	-0,73	
17,835	-0,74	
17,84	-0,74	
17,845	-0,75	
17,85	-0,75	
17,855	-0,76	
17,86	-0,76	
17,865	-0,76	
17,87	-0,76	
17,875	-0,76	
17,88	-0,77	
17,885	-0,77	
17,89	-0,78	
17,895	-0,78	
17,9	-0,78	
17,905	-0,78	
17,91	-0,78	
17,915	-0,77	
17,92	-0,77	
17,925	-0,76	
17,93	-0,76	
17,935	-0,76	
17,94	-0,76	
17,945	-0,76	
17,95	-0,76	
17,955	-0,75	
17,96	-0,74	
17,965	-0,73	
17,97	-0,72	
17,975	-0,7	
17,98	-0,69	
17,985	-0,69	
17,99	-0,69	
17,995	-0,68	
18,0	-0,68	
18,005	-0,67	
18,01	-0,66	
18,015	-0,65	
18,02	-0,62	
18,025	-0,6	
18,03	-0,59	
18,035	-0,58	
18,04	-0,57	
18,045	-0,56	
18,05	-0,55	
18,055	-0,54	
18,06	-0,53	
18,065	-0,5	
18,07	-0,48	
18,075	-0,46	
18,08	-0,44	
18,085	-0,42	
18,09	-0,41	
18,095	-0,39	
18,1	-0,38	
18,105	-0,36	
18,11	-0,34	
18,115	-0,33	
18,12	-0,31	
18,125	-0,29	
18,13	-0,27	
18,135	-0,25	
18,14	-0,23	
18,145	-0,21	
18,15	-0,19	
18,155	-0,16	
18,16	-0,15	
18,165	-0,13	
18,17	-0,12	
18,175	-0,09	
18,18	-0,07	
18,185	-0,05	
18,19	-0,02	
18,195	0	
18,2	0,03	
18,205	0,05	
18,21	0,06	
18,215	0,07	
18,22	0,09	
18,225	0,11	
18,23	0,13	
18,235	0,16	
18,24	0,18	
18,245	0,22	
18,25	0,24	
18,255	0,25	
18,26	0,26	
18,265	0,27	
18,27	0,29	
18,275	0,3	
18,28	0,32	
18,285	0,34	
18,29	0,38	
18,295	0,4	
18,3	0,42	
18,305	0,44	
18,31	0,45	
18,315	0,45	
18,32	0,46	
18,325	0,47	
18,33	0,49	
18,335	0,52	
18,34	0,54	
18,345	0,56	
18,35	0,58	
18,355	0,59	
18,36	0,6	
18,365	0,6	
18,37	0,61	
18,375	0,62	
18,38	0,63	
18,385	0,66	
18,39	0,67	
18,395	0,68	
18,4	0,69	
18,405	0,7	
18,41	0,71	
18,415	0,71	
18,42	0,72	
18,425	0,73	
18,43	0,74	
18,435	0,74	
18,44	0,75	
18,445	0,75	
18,45	0,75	
18,455	0,76	
18,46	0,77	
18,465	0,77	
18,47	0,78	
18,475	0,78	
18,48	0,78	
18,485	0,78	
18,49	0,78	
18,495	0,78	
18,5	0,78	
18,505	0,78	
18,51	0,78	
18,515	0,79	
18,52	0,79	
18,525	0,78	
18,53	0,78	
18,535	0,77	
18,54	0,76	
18,545	0,75	
18,55	0,74	
18,555	0,74	
18,56	0,74	
18,565	0,73	
18,57	0,73	
18,575	0,72	
18,58	0,71	
18,585	0,7	
18,59	0,68	
18,595	0,66	
18,6	0,65	
18,605	0,64	
18,61	0,64	
18,615	0,64	
18,62	0,63	
18,625	0,62	
18,63	0,61	
18,635	0,59	
18,64	0,57	
18,645	0,55	
18,65	0,53	
18,655	0,51	
18,66	0,5	
18,665	0,49	
18,67	0,48	
18,675	0,47	
18,68	0,45	
18,685	0,43	
18,69	0,41	
18,695	0,39	
18,7	0,36	
18,705	0,34	
18,71	0,32	
18,715	0,31	
18,72	0,29	
18,725	0,28	
18,73	0,26	
18,735	0,24	
18,74	0,23	
18,745	0,19	
18,75	0,17	
18,755	0,15	
18,76	0,13	
18,765	0,11	
18,77	0,09	
18,775	0,08	
18,78	0,06	
18,785	0,04	
18,79	0,01	
18,795	-0,01	
18,8	-0,03	
18,805	-0,05	
18,81	-0,07	
18,815	-0,09	
18,82	-0,11	
18,825	-0,13	
18,83	-0,15	
18,835	-0,17	
18,84	-0,19	
18,845	-0,21	
18,85	-0,23	
18,855	-0,25	
18,86	-0,27	
18,865	-0,29	
18,87	-0,31	
18,875	-0,33	
18,88	-0,35	
18,885	-0,37	
18,89	-0,39	
18,895	-0,4	
18,9	-0,42	
18,905	-0,43	
18,91	-0,45	
18,915	-0,47	
18,92	-0,49	
18,925	-0,51	
18,93	-0,53	
18,935	-0,54	
18,94	-0,55	
18,945	-0,56	
18,95	-0,57	
18,955	-0,59	
18,96	-0,6	
18,965	-0,61	
18,97	-0,63	
18,975	-0,65	
18,98	-0,66	
18,985	-0,68	
18,99	-0,69	
18,995	-0,69	
19,0	-0,7	
19,005	-0,7	
19,01	-0,71	
19,015	-0,72	
19,02	-0,73	
19,025	-0,74	
19,03	-0,75	
19,035	-0,76	
19,04	-0,77	
19,045	-0,77	
19,05	-0,77	
19,055	-0,77	
19,06	-0,77	
19,065	-0,78	
19,07	-0,78	
19,075	-0,79	
19,08	-0,79	
19,085	-0,79	
19,09	-0,8	
19,095	-0,8	
19,1	-0,8	
19,105	-0,8	
19,11	-0,79	
19,115	-0,78	
19,12	-0,77	
19,125	-0,77	
19,13	-0,77	
19,135	-0,77	
19,14	-0,77	
19,145	-0,77	
19,15	-0,77	
19,155	-0,75	
19,16	-0,74	
19,165	-0,72	
19,17	-0,71	
19,175	-0,7	
19,18	-0,7	
19,185	-0,7	
19,19	-0,69	
19,195	-0,69	
19,2	-0,67	
19,205	-0,66	
19,21	-0,64	
19,215	-0,62	
19,22	-0,6	
19,225	-0,59	
19,23	-0,58	
19,235	-0,57	
19,24	-0,57	
19,245	-0,56	
19,25	-0,54	
19,255	-0,52	
19,26	-0,5	
19,265	-0,48	
19,27	-0,46	
19,275	-0,44	
19,28	-0,43	
19,285	-0,42	
19,29	-0,41	
19,295	-0,38	
19,3	-0,37	
19,305	-0,35	
19,31	-0,33	
19,315	-0,3	
19,32	-0,28	
19,325	-0,26	
19,33	-0,24	
19,335	-0,23	
19,34	-0,2	
19,345	-0,18	
19,35	-0,17	
19,355	-0,15	
19,36	-0,13	
19,365	-0,11	
19,37	-0,09	
19,375	-0,07	
19,38	-0,05	
19,385	-0,01	
19,39	0,01	
19,395	0,03	
19,4	0,04	
19,405	0,06	
19,41	0,07	
19,415	0,09	
19,42	0,11	
19,425	0,13	
19,43	0,16	
19,435	0,19	
19,44	0,21	
19,445	0,23	
19,45	0,25	
19,455	0,27	
19,46	0,28	
19,465	0,29	
19,47	0,31	
19,475	0,33	
19,48	0,35	
19,485	0,38	
19,49	0,4	
19,495	0,42	
19,5	0,44	
19,505	0,45	
19,51	0,46	
19,515	0,47	
19,52	0,49	
19,525	0,5	
19,53	0,52	
19,535	0,54	
19,54	0,56	
19,545	0,58	
19,55	0,6	
19,555	0,61	
19,56	0,62	
19,565	0,63	
19,57	0,64	
19,575	0,65	
19,58	0,66	
19,585	0,67	
19,59	0,69	
19,595	0,7	
19,6	0,71	
19,605	0,72	
19,61	0,73	
19,615	0,73	
19,62	0,74	
19,625	0,74	
19,63	0,75	
19,635	0,75	
19,64	0,76	
19,645	0,77	
19,65	0,78	
19,655	0,79	
19,66	0,79	
19,665	0,79	
19,67	0,79	
19,675	0,79	
19,68	0,79	
19,685	0,79	
19,69	0,79	
19,695	0,79	
19,7	0,79	
19,705	0,79	
19,71	0,79	
19,715	0,79	
19,72	0,79	
19,725	0,78	
19,73	0,77	
19,735	0,77	
19,74	0,76	
19,745	0,75	
19,75	0,75	
19,755	0,75	
19,76	0,75	
19,765	0,74	
19,77	0,74	
19,775	0,72	
19,78	0,71	
19,785	0,69	
19,79	0,68	
19,795	0,67	
19,8	0,66	
19,805	0,65	
19,81	0,65	
19,815	0,64	
19,82	0,62	
19,825	0,61	
19,83	0,59	
19,835	0,57	
19,84	0,55	
19,845	0,53	
19,85	0,52	
19,855	0,51	
19,86	0,5	
19,865	0,49	
19,87	0,47	
19,875	0,45	
19,88	0,44	
19,885	0,41	
19,89	0,39	
19,895	0,37	
19,9	0,36	
19,905	0,34	
19,91	0,32	
19,915	0,3	
19,92	0,28	
19,925	0,26	
19,93	0,24	
19,935	0,22	
19,94	0,2	
19,945	0,19	
19,95	0,16	
19,955	0,14	
19,96	0,12	
19,965	0,1	
19,97	0,08	
19,975	0,05	
19,98	0,04	
19,985	0,02	
19,99	0	
19,995	-0,02	
20,0	-0,04	
20,005	-0,06	
20,01	-0,09	
20,015	-0,11	
20,02	-0,14	
20,025	-0,16	
20,03	-0,18	
20,035	-0,19	
20,04	-0,21	
20,045	-0,22	
20,05	-0,24	
20,055	-0,26	
20,06	-0,29	
20,065	-0,32	
20,07	-0,34	
20,075	-0,36	
20,08	-0,37	
20,085	-0,38	
20,09	-0,4	
20,095	-0,41	
20,1	-0,43	
20,105	-0,45	
20,11	-0,48	
20,115	-0,5	
20,12	-0,52	
20,125	-0,53	
20,13	-0,54	
20,135	-0,55	
20,14	-0,56	
20,145	-0,57	
20,15	-0,59	
20,155	-0,61	
20,16	-0,62	
20,165	-0,64	
20,17	-0,66	
20,175	-0,67	
20,18	-0,68	
20,185	-0,69	
20,19	-0,69	
20,195	-0,7	
20,2	-0,7	
20,205	-0,71	
20,21	-0,72	
20,215	-0,74	
20,22	-0,75	
20,225	-0,76	
20,23	-0,77	
20,235	-0,77	
20,24	-0,77	
20,245	-0,77	
20,25	-0,78	
20,255	-0,78	
20,26	-0,78	
20,265	-0,78	
20,27	-0,79	
20,275	-0,79	
20,28	-0,8	
20,285	-0,8	
20,29	-0,8	
20,295	-0,8	
20,3	-0,8	
20,305	-0,79	
20,31	-0,78	
20,315	-0,78	
20,32	-0,77	
20,325	-0,78	
20,33	-0,77	
20,335	-0,78	
20,34	-0,78	
20,345	-0,77	
20,35	-0,76	
20,355	-0,75	
20,36	-0,74	
20,365	-0,73	
20,37	-0,72	
20,375	-0,71	
20,38	-0,7	
20,385	-0,7	
20,39	-0,7	
20,395	-0,69	
20,4	-0,68	
20,405	-0,66	
20,41	-0,64	
20,415	-0,62	
20,42	-0,6	
20,425	-0,59	
20,43	-0,58	
20,435	-0,57	
20,44	-0,56	
20,445	-0,55	
20,45	-0,54	
20,455	-0,52	
20,46	-0,5	
20,465	-0,48	
20,47	-0,46	
20,475	-0,43	
20,48	-0,41	
20,485	-0,4	
20,49	-0,39	
20,495	-0,38	
20,5	-0,36	
20,505	-0,35	
20,51	-0,32	
20,515	-0,3	
20,52	-0,27	
20,525	-0,25	
20,53	-0,23	
20,535	-0,21	
20,54	-0,19	
20,545	-0,18	
20,55	-0,16	
20,555	-0,15	
20,56	-0,13	
20,565	-0,09	
20,57	-0,07	
20,575	-0,05	
20,58	-0,02	
20,585	0	
20,59	0,02	
20,595	0,03	
20,6	0,05	
20,605	0,06	
20,61	0,09	
20,615	0,11	
20,62	0,14	
20,625	0,16	
20,63	0,19	
20,635	0,21	
20,64	0,23	
20,645	0,25	
20,65	0,26	
20,655	0,27	
20,66	0,29	
20,665	0,31	
20,67	0,33	
20,675	0,35	
20,68	0,38	
20,685	0,4	
20,69	0,42	
20,695	0,43	
20,7	0,44	
20,705	0,46	
20,71	0,47	
20,715	0,49	
20,72	0,5	
20,725	0,53	
20,73	0,55	
20,735	0,57	
20,74	0,58	
20,745	0,6	
20,75	0,61	
20,755	0,62	
20,76	0,63	
20,765	0,63	
20,77	0,65	
20,775	0,66	
20,78	0,67	
20,785	0,69	
20,79	0,7	
20,795	0,72	
20,8	0,72	
20,805	0,73	
20,81	0,73	
20,815	0,74	
20,82	0,74	
20,825	0,75	
20,83	0,76	
20,835	0,77	
20,84	0,78	
20,845	0,79	
20,85	0,79	
20,855	0,79	
20,86	0,79	
20,865	0,79	
20,87	0,79	
20,875	0,79	
20,88	0,79	
20,885	0,79	
20,89	0,79	
20,895	0,8	
20,9	0,8	
20,905	0,8	
20,91	0,8	
20,915	0,8	
20,92	0,79	
20,925	0,78	
20,93	0,77	
20,935	0,76	
20,94	0,76	
20,945	0,76	
20,95	0,76	
20,955	0,76	
20,96	0,75	
20,965	0,74	
20,97	0,73	
20,975	0,72	
20,98	0,7	
20,985	0,69	
20,99	0,68	
20,995	0,67	
21,0	0,66	
21,005	0,65	
21,01	0,64	
21,015	0,63	
21,02	0,61	
21,025	0,6	
21,03	0,58	
21,035	0,56	
21,04	0,55	
21,045	0,53	
21,05	0,52	
21,055	0,51	
21,06	0,5	
21,065	0,48	
21,07	0,46	
21,075	0,44	
21,08	0,42	
21,085	0,4	
21,09	0,38	
21,095	0,36	
21,1	0,34	
21,105	0,33	
21,11	0,31	
21,115	0,29	
21,12	0,27	
21,125	0,25	
21,13	0,24	
21,135	0,22	
21,14	0,19	
21,145	0,17	
21,15	0,15	
21,155	0,13	
21,16	0,1	
21,165	0,08	
21,17	0,07	
21,175	0,05	
21,18	0,03	
21,185	0,01	
21,19	-0,01	
21,195	-0,03	
21,2	-0,05	
21,205	-0,09	
21,21	-0,11	
21,215	-0,13	
21,22	-0,15	
21,225	-0,17	
21,23	-0,18	
21,235	-0,2	
21,24	-0,22	
21,245	-0,24	
21,25	-0,27	
21,255	-0,29	
21,26	-0,31	
21,265	-0,32	
21,27	-0,34	
21,275	-0,36	
21,28	-0,37	
21,285	-0,39	
21,29	-0,4	
21,295	-0,43	
21,3	-0,45	
21,305	-0,47	
21,31	-0,49	
21,315	-0,5	
21,32	-0,52	
21,325	-0,53	
21,33	-0,55	
21,335	-0,56	
21,34	-0,58	
21,345	-0,59	
21,35	-0,6	
21,355	-0,61	
21,36	-0,63	
21,365	-0,65	
21,37	-0,66	
21,375	-0,67	
21,38	-0,68	
21,385	-0,69	
21,39	-0,69	
21,395	-0,7	
21,4	-0,71	
21,405	-0,72	
21,41	-0,73	
21,415	-0,74	
21,42	-0,75	
21,425	-0,76	
21,43	-0,77	
21,435	-0,77	
21,44	-0,78	
21,445	-0,78	
21,45	-0,78	
21,455	-0,78	
21,46	-0,78	
21,465	-0,79	
21,47	-0,79	
21,475	-0,8	
21,48	-0,8	
21,485	-0,8	
21,49	-0,8	
21,495	-0,8	
21,5	-0,79	
21,505	-0,79	
21,51	-0,78	
21,515	-0,78	
21,52	-0,78	
21,525	-0,79	
21,53	-0,79	
21,535	-0,78	
21,54	-0,78	
21,545	-0,77	
21,55	-0,76	
21,555	-0,74	
21,56	-0,73	
21,565	-0,72	
21,57	-0,71	
21,575	-0,71	
21,58	-0,7	
21,585	-0,7	
21,59	-0,69	
21,595	-0,68	
21,6	-0,67	
21,605	-0,65	
21,61	-0,63	
21,615	-0,61	
21,62	-0,6	
21,625	-0,59	
21,63	-0,58	
21,635	-0,58	
21,64	-0,57	
21,645	-0,55	
21,65	-0,53	
21,655	-0,51	
21,66	-0,48	
21,665	-0,46	
21,67	-0,44	
21,675	-0,43	
21,68	-0,41	
21,685	-0,4	
21,69	-0,39	
21,695	-0,37	
21,7	-0,35	
21,705	-0,32	
21,71	-0,3	
21,715	-0,28	
21,72	-0,26	
21,725	-0,24	
21,73	-0,22	
21,735	-0,2	
21,74	-0,19	
21,745	-0,18	
21,75	-0,15	
21,755	-0,13	
21,76	-0,11	
21,765	-0,08	
21,77	-0,06	
21,775	-0,04	
21,78	-0,02	
21,785	0	
21,79	0,02	
21,795	0,04	
21,8	0,06	
21,805	0,08	
21,81	0,1	
21,815	0,12	
21,82	0,15	
21,825	0,17	
21,83	0,19	
21,835	0,21	
21,84	0,24	
21,845	0,25	
21,85	0,26	
21,855	0,28	
21,86	0,3	
21,865	0,32	
21,87	0,34	
21,875	0,36	
21,88	0,39	
21,885	0,41	
21,89	0,43	
21,895	0,44	
21,9	0,45	
21,905	0,46	
21,91	0,48	
21,915	0,5	
21,92	0,51	
21,925	0,53	
21,93	0,56	
21,935	0,57	
21,94	0,59	
21,945	0,6	
21,95	0,61	
21,955	0,61	
21,96	0,62	
21,965	0,64	
21,97	0,65	
21,975	0,67	
21,98	0,68	
21,985	0,7	
21,99	0,71	
21,995	0,72	
22,0	0,73	
22,005	0,73	
22,01	0,73	
22,015	0,74	
22,02	0,74	
22,025	0,75	
22,03	0,76	
22,035	0,77	
22,04	0,78	
22,045	0,78	
22,05	0,79	
22,055	0,79	
22,06	0,79	
22,065	0,79	
22,07	0,79	
22,075	0,79	
22,08	0,79	
22,085	0,79	
22,09	0,8	
22,095	0,8	
22,1	0,8	
22,105	0,8	
22,11	0,79	
22,115	0,78	
22,12	0,77	
22,125	0,77	
22,13	0,76	
22,135	0,76	
22,14	0,76	
22,145	0,76	
22,15	0,75	
22,155	0,75	
22,16	0,74	
22,165	0,73	
22,17	0,71	
22,175	0,7	
22,18	0,69	
22,185	0,68	
22,19	0,67	
22,195	0,67	
22,2	0,66	
22,205	0,64	
22,21	0,63	
22,215	0,62	
22,22	0,6	
22,225	0,58	
22,23	0,57	
22,235	0,55	
22,24	0,54	
22,245	0,53	
22,25	0,51	
22,255	0,5	
22,26	0,48	
22,265	0,47	
22,27	0,45	
22,275	0,43	
22,28	0,41	
22,285	0,39	
22,29	0,38	
22,295	0,35	
22,3	0,33	
22,305	0,32	
22,31	0,3	
22,315	0,28	
22,32	0,26	
22,325	0,24	
22,33	0,22	
22,335	0,2	
22,34	0,17	
22,345	0,16	
22,35	0,14	
22,355	0,12	
22,36	0,1	
22,365	0,08	
22,37	0,06	
22,375	0,04	
22,38	0,02	
22,385	-0,01	
22,39	-0,03	
22,395	-0,05	
22,4	-0,07	
22,405	-0,09	
22,41	-0,11	
22,415	-0,13	
22,42	-0,15	
22,425	-0,16	
22,43	-0,19	
22,435	-0,21	
22,44	-0,23	
22,445	-0,25	
22,45	-0,27	
22,455	-0,29	
22,46	-0,31	
22,465	-0,33	
22,47	-0,35	
22,475	-0,36	
22,48	-0,38	
22,485	-0,4	
22,49	-0,41	
22,495	-0,43	
22,5	-0,46	
22,505	-0,48	
22,51	-0,5	
22,515	-0,51	
22,52	-0,53	
22,525	-0,54	
22,53	-0,55	
22,535	-0,56	
22,54	-0,57	
22,545	-0,59	
22,55	-0,6	
22,555	-0,62	
22,56	-0,63	
22,565	-0,65	
22,57	-0,66	
22,575	-0,67	
22,58	-0,68	
22,585	-0,68	
22,59	-0,69	
22,595	-0,7	
22,6	-0,71	
22,605	-0,73	
22,61	-0,74	
22,615	-0,75	
22,62	-0,76	
22,625	-0,76	
22,63	-0,77	
22,635	-0,77	
22,64	-0,77	
22,645	-0,77	
22,65	-0,77	
22,655	-0,78	
22,66	-0,78	
22,665	-0,79	
22,67	-0,79	
22,675	-0,79	
22,68	-0,79	
22,685	-0,79	
22,69	-0,79	
22,695	-0,78	
22,7	-0,78	
22,705	-0,77	
22,71	-0,77	
22,715	-0,78	
22,72	-0,78	
22,725	-0,78	
22,73	-0,77	
22,735	-0,77	
22,74	-0,76	
22,745	-0,75	
22,75	-0,73	
22,755	-0,72	
22,76	-0,71	
22,765	-0,71	
22,77	-0,7	
22,775	-0,7	
22,78	-0,7	
22,785	-0,69	
22,79	-0,68	
22,795	-0,65	
22,8	-0,64	
22,805	-0,62	
22,81	-0,61	
22,815	-0,59	
22,82	-0,59	
22,825	-0,58	
22,83	-0,57	
22,835	-0,56	
22,84	-0,54	
22,845	-0,52	
22,85	-0,5	
22,855	-0,48	
22,86	-0,46	
22,865	-0,44	
22,87	-0,43	
22,875	-0,42	
22,88	-0,4	
22,885	-0,39	
22,89	-0,37	
22,895	-0,35	
22,9	-0,33	
22,905	-0,31	
22,91	-0,29	
22,915	-0,27	
22,92	-0,25	
22,925	-0,23	
22,93	-0,22	
22,935	-0,2	
22,94	-0,18	
22,945	-0,16	
22,95	-0,14	
22,955	-0,12	
22,96	-0,09	
22,965	-0,07	
22,97	-0,05	
22,975	-0,02	
22,98	0	
22,985	0,02	
22,99	0,03	
22,995	0,05	
23,0	0,07	
23,005	0,09	
23,01	0,11	
23,015	0,13	
23,02	0,15	
23,025	0,19	
23,03	0,21	
23,035	0,22	
23,04	0,23	
23,045	0,25	
23,05	0,26	
23,055	0,28	
23,06	0,3	
23,065	0,32	
23,07	0,36	
23,075	0,38	
23,08	0,4	
23,085	0,41	
23,09	0,42	
23,095	0,43	
23,1	0,44	
23,105	0,46	
23,11	0,47	
23,115	0,5	
23,12	0,53	
23,125	0,54	
23,13	0,56	
23,135	0,57	
23,14	0,58	
23,145	0,59	
23,15	0,6	
23,155	0,61	
23,16	0,62	
23,165	0,64	
23,17	0,65	
23,175	0,67	
23,18	0,68	
23,185	0,69	
23,19	0,7	
23,195	0,71	
23,2	0,71	
23,205	0,72	
23,21	0,72	
23,215	0,73	
23,22	0,74	
23,225	0,75	
23,23	0,76	
23,235	0,76	
23,24	0,77	
23,245	0,77	
23,25	0,78	
23,255	0,78	
23,26	0,77	
23,265	0,78	
23,27	0,77	
23,275	0,78	
23,28	0,78	
23,285	0,78	
23,29	0,78	
23,295	0,78	
23,3	0,78	
23,305	0,78	
23,31	0,78	
23,315	0,77	
23,32	0,76	
23,325	0,76	
23,33	0,75	
23,335	0,74	
23,34	0,74	
23,345	0,74	
23,35	0,74	
23,355	0,73	
23,36	0,72	
23,365	0,71	
23,37	0,69	
23,375	0,68	
23,38	0,67	
23,385	0,67	
23,39	0,66	
23,395	0,65	
23,4	0,64	
23,405	0,63	
23,41	0,61	
23,415	0,6	
23,42	0,58	
23,425	0,56	
23,43	0,55	
23,435	0,53	
23,44	0,53	
23,445	0,51	
23,45	0,5	
23,455	0,48	
23,46	0,47	
23,465	0,45	
23,47	0,43	
23,475	0,41	
23,48	0,38	
23,485	0,37	
23,49	0,35	
23,495	0,34	
23,5	0,32	
23,505	0,3	
23,51	0,28	
23,515	0,27	
23,52	0,25	
23,525	0,22	
23,53	0,2	
23,535	0,18	
23,54	0,16	
23,545	0,14	
23,55	0,12	
23,555	0,1	
23,56	0,08	
23,565	0,06	
23,57	0,04	
23,575	0,02	
23,58	0	
23,585	-0,02	
23,59	-0,04	
23,595	-0,06	
23,6	-0,08	
23,605	-0,11	
23,61	-0,12	
23,615	-0,15	
23,62	-0,16	
23,625	-0,18	
23,63	-0,2	
23,635	-0,22	
23,64	-0,24	
23,645	-0,26	
23,65	-0,28	
23,655	-0,3	
23,66	-0,33	
23,665	-0,34	
23,67	-0,35	
23,675	-0,37	
23,68	-0,38	
23,685	-0,4	
23,69	-0,42	
23,695	-0,44	
23,7	-0,46	
23,705	-0,48	
23,71	-0,5	
23,715	-0,51	
23,72	-0,52	
23,725	-0,53	
23,73	-0,54	
23,735	-0,56	
23,74	-0,57	
23,745	-0,58	
23,75	-0,61	
23,755	-0,62	
23,76	-0,63	
23,765	-0,64	
23,77	-0,65	
23,775	-0,66	
23,78	-0,67	
23,785	-0,68	
23,79	-0,68	
23,795	-0,7	
23,8	-0,71	
23,805	-0,72	
23,81	-0,73	
23,815	-0,73	
23,82	-0,74	
23,825	-0,75	
23,83	-0,75	
23,835	-0,75	
23,84	-0,75	
23,845	-0,76	
23,85	-0,76	
23,855	-0,76	
23,86	-0,77	
23,865	-0,77	
23,87	-0,78	
23,875	-0,78	
23,88	-0,78	
23,885	-0,78	
23,89	-0,77	
23,895	-0,77	
23,9	-0,76	
23,905	-0,76	
23,91	-0,76	
23,915	-0,76	
23,92	-0,76	
23,925	-0,76	
23,93	-0,75	
23,935	-0,74	
23,94	-0,73	
23,945	-0,72	
23,95	-0,71	
23,955	-0,7	
23,96	-0,7	
23,965	-0,7	
23,97	-0,69	
23,975	-0,69	
23,98	-0,67	
23,985	-0,66	
23,99	-0,64	
23,995	-0,63	
24,0	-0,61	
24,005	-0,6	
24,01	-0,59	
24,015	-0,58	
24,02	-0,57	
24,025	-0,56	
24,03	-0,55	
24,035	-0,54	
24,04	-0,52	
24,045	-0,5	
24,05	-0,48	
24,055	-0,46	
24,06	-0,44	
24,065	-0,43	
24,07	-0,41	
24,075	-0,4	
24,08	-0,38	
24,085	-0,37	
24,09	-0,35	
24,095	-0,33	
24,1	-0,31	
24,105	-0,29	
24,11	-0,27	
24,115	-0,24	
24,12	-0,22	
24,125	-0,21	
24,13	-0,2	
24,135	-0,18	
24,14	-0,16	
24,145	-0,14	
24,15	-0,12	
24,155	-0,1	
24,16	-0,06	
24,165	-0,04	
24,17	-0,02	
24,175	-0,01	
24,18	0,01	
24,185	0,03	
24,19	0,04	
24,195	0,06	
24,2	0,08	
24,205	0,11	
24,21	0,13	
24,215	0,16	
24,22	0,18	
24,225	0,2	
24,23	0,21	
24,235	0,23	
24,24	0,24	
24,245	0,25	
24,25	0,28	
24,255	0,3	
24,26	0,32	
24,265	0,35	
24,27	0,37	
24,275	0,39	
24,28	0,4	
24,285	0,41	
24,29	0,42	
24,295	0,44	
24,3	0,45	
24,305	0,47	
24,31	0,49	
24,315	0,51	
24,32	0,53	
24,325	0,55	
24,33	0,56	
24,335	0,57	
24,34	0,57	
24,345	0,59	
24,35	0,59	
24,355	0,61	
24,36	0,62	
24,365	0,63	
24,37	0,65	
24,375	0,66	
24,38	0,67	
24,385	0,68	
24,39	0,7	
24,395	0,7	
24,4	0,71	
24,405	0,71	
24,41	0,72	
24,415	0,73	
24,42	0,73	
24,425	0,74	
24,43	0,75	
24,435	0,75	
24,44	0,76	
24,445	0,76	
24,45	0,76	
24,455	0,76	
24,46	0,77	
24,465	0,76	
24,47	0,76	
24,475	0,76	
24,48	0,77	
24,485	0,77	
24,49	0,77	
24,495	0,77	
24,5	0,77	
24,505	0,76	
24,51	0,75	
24,515	0,75	
24,52	0,74	
24,525	0,73	
24,53	0,73	
24,535	0,73	
24,54	0,73	
24,545	0,73	
24,55	0,72	
24,555	0,71	
24,56	0,69	
24,565	0,68	
24,57	0,66	
24,575	0,65	
24,58	0,65	
24,585	0,64	
24,59	0,64	
24,595	0,63	
24,6	0,62	
24,605	0,6	
24,61	0,59	
24,615	0,56	
24,62	0,55	
24,625	0,54	
24,63	0,52	
24,635	0,51	
24,64	0,5	
24,645	0,49	
24,65	0,47	
24,655	0,46	
24,66	0,43	
24,665	0,41	
24,67	0,39	
24,675	0,37	
24,68	0,36	
24,685	0,35	
24,69	0,33	
24,695	0,32	
24,7	0,3	
24,705	0,27	
24,71	0,25	
24,715	0,23	
24,72	0,21	
24,725	0,2	
24,73	0,18	
24,735	0,16	
24,74	0,14	
24,745	0,12	
24,75	0,1	
24,755	0,07	
24,76	0,06	
24,765	0,04	
24,77	0,02	
24,775	0	
24,78	-0,01	
24,785	-0,04	
24,79	-0,06	
24,795	-0,08	
24,8	-0,11	
24,805	-0,13	
24,81	-0,14	
24,815	-0,16	
24,82	-0,18	
24,825	-0,19	
24,83	-0,21	
24,835	-0,23	
24,84	-0,25	
24,845	-0,29	
24,85	-0,3	
24,855	-0,32	
24,86	-0,34	
24,865	-0,35	
24,87	-0,36	
24,875	-0,38	
24,88	-0,39	
24,885	-0,41	
24,89	-0,44	
24,895	-0,46	
24,9	-0,47	
24,905	-0,49	
24,91	-0,5	
24,915	-0,51	
24,92	-0,52	
24,925	-0,53	
24,93	-0,54	
24,935	-0,56	
24,94	-0,58	
24,945	-0,6	
24,95	-0,61	
24,955	-0,62	
24,96	-0,63	
24,965	-0,64	
24,97	-0,65	
24,975	-0,65	
24,98	-0,66	
24,985	-0,67	
24,99	-0,68	
24,995	-0,69	
25,0	-0,7	
25,005	-0,71	
25,01	-0,72	
25,015	-0,73	
25,02	-0,73	
25,025	-0,74	
25,03	-0,74	
25,035	-0,74	
25,04	-0,74	
25,045	-0,75	
25,05	-0,75	
25,055	-0,75	
25,06	-0,76	
25,065	-0,76	
25,07	-0,76	
25,075	-0,76	
25,08	-0,76	
25,085	-0,76	
25,09	-0,75	
25,095	-0,75	
25,1	-0,74	
25,105	-0,74	
25,11	-0,74	
25,115	-0,74	
25,12	-0,74	
25,125	-0,73	
25,13	-0,72	
25,135	-0,71	
25,14	-0,7	
25,145	-0,69	
25,15	-0,68	
25,155	-0,68	
25,16	-0,68	
25,165	-0,67	
25,17	-0,67	
25,175	-0,66	
25,18	-0,65	
25,185	-0,63	
25,19	-0,61	
25,195	-0,6	
25,2	-0,58	
25,205	-0,58	
25,21	-0,56	
25,215	-0,56	
25,22	-0,55	
25,225	-0,54	
25,23	-0,52	
25,235	-0,5	
25,24	-0,48	
25,245	-0,47	
25,25	-0,45	
25,255	-0,42	
25,26	-0,41	
25,265	-0,4	
25,27	-0,38	
25,275	-0,37	
25,28	-0,36	
25,285	-0,34	
25,29	-0,32	
25,295	-0,3	
25,3	-0,27	
25,305	-0,25	
25,31	-0,23	
25,315	-0,21	
25,32	-0,2	
25,325	-0,19	
25,33	-0,18	
25,335	-0,16	
25,34	-0,14	
25,345	-0,11	
25,35	-0,08	
25,355	-0,06	
25,36	-0,04	
25,365	-0,02	
25,37	0	
25,375	0,02	
25,38	0,03	
25,385	0,05	
25,39	0,07	
25,395	0,09	
25,4	0,11	
25,405	0,13	
25,41	0,16	
25,415	0,18	
25,42	0,2	
25,425	0,22	
25,43	0,23	
25,435	0,25	
25,44	0,26	
25,445	0,28	
25,45	0,3	
25,455	0,32	
25,46	0,34	
25,465	0,37	
25,47	0,38	
25,475	0,4	
25,48	0,41	
25,485	0,42	
25,49	0,43	
25,495	0,44	
25,5	0,46	
25,505	0,48	
25,51	0,5	
25,515	0,52	
25,52	0,54	
25,525	0,55	
25,53	0,56	
25,535	0,57	
25,54	0,58	
25,545	0,59	
25,55	0,6	
25,555	0,61	
25,56	0,63	
25,565	0,64	
25,57	0,65	
25,575	0,66	
25,58	0,67	
25,585	0,68	
25,59	0,69	
25,595	0,69	
25,6	0,7	
25,605	0,71	
25,61	0,71	
25,615	0,72	
25,62	0,73	
25,625	0,73	
25,63	0,74	
25,635	0,74	
25,64	0,75	
25,645	0,75	
25,65	0,75	
25,655	0,75	
25,66	0,75	
25,665	0,75	
25,67	0,75	
25,675	0,75	
25,68	0,75	
25,685	0,76	
25,69	0,76	
25,695	0,75	
25,7	0,75	
25,705	0,74	
25,71	0,73	
25,715	0,72	
25,72	0,71	
25,725	0,71	
25,73	0,71	
25,735	0,71	
25,74	0,71	
25,745	0,7	
25,75	0,69	
25,755	0,67	
25,76	0,66	
25,765	0,65	
25,77	0,64	
25,775	0,63	
25,78	0,63	
25,785	0,62	
25,79	0,61	
25,795	0,6	
25,8	0,58	
25,805	0,56	
25,81	0,55	
25,815	0,53	
25,82	0,52	
25,825	0,51	
25,83	0,49	
25,835	0,48	
25,84	0,47	
25,845	0,44	
25,85	0,43	
25,855	0,41	
25,86	0,39	
25,865	0,38	
25,87	0,37	
25,875	0,35	
25,88	0,34	
25,885	0,32	
25,89	0,29	
25,895	0,27	
25,9	0,25	
25,905	0,24	
25,91	0,22	
25,915	0,2	
25,92	0,18	
25,925	0,17	
25,93	0,15	
25,935	0,12	
25,94	0,1	
25,945	0,08	
25,95	0,06	
25,955	0,05	
25,96	0,03	
25,965	0,01	
25,97	-0,01	
25,975	-0,03	
25,98	-0,05	
25,985	-0,08	
25,99	-0,1	
25,995	-0,12	
26,0	-0,13	
26,005	-0,15	
26,01	-0,17	
26,015	-0,18	
26,02	-0,2	
26,025	-0,22	
26,03	-0,24	
26,035	-0,26	
26,04	-0,28	
26,045	-0,3	
26,05	-0,32	
26,055	-0,33	
26,06	-0,35	
26,065	-0,36	
26,07	-0,38	
26,075	-0,4	
26,08	-0,42	
26,085	-0,44	
26,09	-0,46	
26,095	-0,47	
26,1	-0,49	
26,105	-0,5	
26,11	-0,51	
26,115	-0,52	
26,12	-0,54	
26,125	-0,55	
26,13	-0,56	
26,135	-0,58	
26,14	-0,59	
26,145	-0,6	
26,15	-0,62	
26,155	-0,63	
26,16	-0,63	
26,165	-0,65	
26,17	-0,66	
26,175	-0,66	
26,18	-0,67	
26,185	-0,68	
26,19	-0,69	
26,195	-0,7	
26,2	-0,7	
26,205	-0,71	
26,21	-0,72	
26,215	-0,72	
26,22	-0,73	
26,225	-0,73	
26,23	-0,73	
26,235	-0,73	
26,24	-0,73	
26,245	-0,74	
26,25	-0,74	
26,255	-0,75	
26,26	-0,75	
26,265	-0,75	
26,27	-0,75	
26,275	-0,75	
26,28	-0,74	
26,285	-0,74	
26,29	-0,73	
26,295	-0,73	
26,3	-0,73	
26,305	-0,73	
26,31	-0,73	
26,315	-0,73	
26,32	-0,72	
26,325	-0,71	
26,33	-0,7	
26,335	-0,69	
26,34	-0,68	
26,345	-0,67	
26,35	-0,66	
26,355	-0,66	
26,36	-0,66	
26,365	-0,65	
26,37	-0,64	
26,375	-0,63	
26,38	-0,62	
26,385	-0,6	
26,39	-0,58	
26,395	-0,56	
26,4	-0,55	
26,405	-0,54	
26,41	-0,54	
26,415	-0,53	
26,42	-0,52	
26,425	-0,51	
26,43	-0,49	
26,435	-0,46	
26,44	-0,44	
26,445	-0,42	
26,45	-0,41	
26,455	-0,4	
26,46	-0,38	
26,465	-0,37	
26,47	-0,36	
26,475	-0,34	
26,48	-0,32	
26,485	-0,3	
26,49	-0,28	
26,495	-0,26	
26,5	-0,24	
26,505	-0,22	
26,51	-0,2	
26,515	-0,18	
26,52	-0,17	
26,525	-0,15	
26,53	-0,13	
26,535	-0,11	
26,54	-0,09	
26,545	-0,07	
26,55	-0,05	
26,555	-0,03	
26,56	0	
26,565	0,02	
26,57	0,03	
26,575	0,05	
26,58	0,06	
26,585	0,08	
26,59	0,1	
26,595	0,12	
26,6	0,15	
26,605	0,17	
26,61	0,19	
26,615	0,21	
26,62	0,23	
26,625	0,25	
26,63	0,26	
26,635	0,27	
26,64	0,28	
26,645	0,3	
26,65	0,33	
26,655	0,35	
26,66	0,37	
26,665	0,4	
26,67	0,41	
26,675	0,42	
26,68	0,43	
26,685	0,44	
26,69	0,46	
26,695	0,47	
26,7	0,49	
26,705	0,51	
26,71	0,53	
26,715	0,55	
26,72	0,56	
26,725	0,56	
26,73	0,57	
26,735	0,58	
26,74	0,59	
26,745	0,6	
26,75	0,61	
26,755	0,63	
26,76	0,64	
26,765	0,66	
26,77	0,66	
26,775	0,67	
26,78	0,68	
26,785	0,69	
26,79	0,69	
26,795	0,7	
26,8	0,71	
26,805	0,71	
26,81	0,72	
26,815	0,72	
26,82	0,73	
26,825	0,73	
26,83	0,74	
26,835	0,74	
26,84	0,74	
26,845	0,74	
26,85	0,73	
26,855	0,74	
26,86	0,73	
26,865	0,74	
26,87	0,73	
26,875	0,74	
26,88	0,74	
26,885	0,74	
26,89	0,73	
26,895	0,73	
26,9	0,72	
26,905	0,71	
26,91	0,71	
26,915	0,7	
26,92	0,7	
26,925	0,7	
26,93	0,7	
26,935	0,69	
26,94	0,68	
26,945	0,67	
26,95	0,66	
26,955	0,64	
26,96	0,63	
26,965	0,62	
26,97	0,62	
26,975	0,61	
26,98	0,6	
26,985	0,59	
26,99	0,57	
26,995	0,56	
27,0	0,54	
27,005	0,53	
27,01	0,51	
27,015	0,5	
27,02	0,49	
27,025	0,48	
27,03	0,47	
27,035	0,45	
27,04	0,43	
27,045	0,41	
27,05	0,4	
27,055	0,38	
27,06	0,36	
27,065	0,35	
27,07	0,33	
27,075	0,31	
27,08	0,29	
27,085	0,28	
27,09	0,26	
27,095	0,24	
27,1	0,23	
27,105	0,21	
27,11	0,19	
27,115	0,17	
27,12	0,14	
27,125	0,13	
27,13	0,11	
27,135	0,09	
27,14	0,07	
27,145	0,05	
27,15	0,04	
27,155	0,02	
27,16	0	
27,165	-0,03	
27,17	-0,05	
27,175	-0,07	
27,18	-0,09	
27,185	-0,11	
27,19	-0,13	
27,195	-0,15	
27,2	-0,16	
27,205	-0,18	
27,21	-0,2	
27,215	-0,22	
27,22	-0,24	
27,225	-0,26	
27,23	-0,28	
27,235	-0,3	
27,24	-0,32	
27,245	-0,33	
27,25	-0,35	
27,255	-0,37	
27,26	-0,38	
27,265	-0,4	
27,27	-0,41	
27,275	-0,43	
27,28	-0,44	
27,285	-0,46	
27,29	-0,47	
27,295	-0,49	
27,3	-0,51	
27,305	-0,52	
27,31	-0,53	
27,315	-0,54	
27,32	-0,56	
27,325	-0,57	
27,33	-0,58	
27,335	-0,6	
27,34	-0,61	
27,345	-0,62	
27,35	-0,63	
27,355	-0,64	
27,36	-0,65	
27,365	-0,65	
27,37	-0,66	
27,375	-0,67	
27,38	-0,67	
27,385	-0,68	
27,39	-0,7	
27,395	-0,7	
27,4	-0,71	
27,405	-0,71	
27,41	-0,72	
27,415	-0,72	
27,42	-0,72	
27,425	-0,72	
27,43	-0,73	
27,435	-0,73	
27,44	-0,74	
27,445	-0,74	
27,45	-0,75	
27,455	-0,75	
27,46	-0,75	
27,465	-0,74	
27,47	-0,74	
27,475	-0,73	
27,48	-0,72	
27,485	-0,72	
27,49	-0,72	
27,495	-0,72	
27,5	-0,73	
27,505	-0,72	
27,51	-0,72	
27,515	-0,72	
27,52	-0,7	
27,525	-0,69	
27,53	-0,67	
27,535	-0,66	
27,54	-0,66	
27,545	-0,65	
27,55	-0,65	
27,555	-0,64	
27,56	-0,64	
27,565	-0,63	
27,57	-0,61	
27,575	-0,59	
27,58	-0,58	
27,585	-0,56	
27,59	-0,55	
27,595	-0,54	
27,6	-0,53	
27,605	-0,52	
27,61	-0,51	
27,615	-0,5	
27,62	-0,48	
27,625	-0,47	
27,63	-0,45	
27,635	-0,43	
27,64	-0,41	
27,645	-0,39	
27,65	-0,38	
27,655	-0,37	
27,66	-0,36	
27,665	-0,34	
27,67	-0,32	
27,675	-0,3	
27,68	-0,28	
27,685	-0,26	
27,69	-0,24	
27,695	-0,22	
27,7	-0,21	
27,705	-0,19	
27,71	-0,16	
27,715	-0,15	
27,72	-0,13	
27,725	-0,12	
27,73	-0,1	
27,735	-0,08	
27,74	-0,05	
27,745	-0,03	
27,75	-0,01	
27,755	0,03	
27,76	0,04	
27,765	0,05	
27,77	0,06	
27,775	0,08	
27,78	0,09	
27,785	0,11	
27,79	0,13	
27,795	0,16	
27,8	0,19	
27,805	0,22	
27,81	0,23	
27,815	0,25	
27,82	0,26	
27,825	0,27	
27,83	0,28	
27,835	0,3	
27,84	0,32	
27,845	0,35	
27,85	0,38	
27,855	0,39	
27,86	0,41	
27,865	0,42	
27,87	0,43	
27,875	0,44	
27,88	0,45	
27,885	0,46	
27,89	0,49	
27,895	0,51	
27,9	0,53	
27,905	0,54	
27,91	0,55	
27,915	0,56	
27,92	0,57	
27,925	0,57	
27,93	0,58	
27,935	0,6	
27,94	0,61	
27,945	0,63	
27,95	0,64	
27,955	0,65	
27,96	0,66	
27,965	0,67	
27,97	0,68	
27,975	0,68	
27,98	0,68	
27,985	0,69	
27,99	0,7	
27,995	0,71	
28,0	0,72	
28,005	0,72	
28,01	0,73	
28,015	0,73	
28,02	0,74	
28,025	0,74	
28,03	0,74	
28,035	0,74	
28,04	0,74	
28,045	0,73	
28,05	0,73	
28,055	0,73	
28,06	0,73	
28,065	0,74	
28,07	0,74	
28,075	0,74	
28,08	0,74	
28,085	0,73	
28,09	0,72	
28,095	0,71	
28,1	0,71	
28,105	0,7	
28,11	0,7	
28,115	0,7	
28,12	0,7	
28,125	0,69	
28,13	0,68	
28,135	0,67	
28,14	0,66	
28,145	0,64	
28,15	0,63	
28,155	0,62	
28,16	0,62	
28,165	0,61	
28,17	0,6	
28,175	0,59	
28,18	0,58	
28,185	0,57	
28,19	0,55	
28,195	0,54	
28,2	0,52	
28,205	0,5	
28,21	0,49	
28,215	0,47	
28,22	0,46	
28,225	0,45	
28,23	0,44	
28,235	0,42	
28,24	0,4	
28,245	0,39	
28,25	0,37	
28,255	0,34	
28,26	0,33	
28,265	0,31	
28,27	0,3	
28,275	0,28	
28,28	0,26	
28,285	0,24	
28,29	0,23	
28,295	0,21	
28,3	0,18	
28,305	0,17	
28,31	0,15	
28,315	0,13	
28,32	0,11	
28,325	0,09	
28,33	0,07	
28,335	0,06	
28,34	0,04	
28,345	0,01	
28,35	-0,01	
28,355	-0,03	
28,36	-0,05	
28,365	-0,07	
28,37	-0,09	
28,375	-0,11	
28,38	-0,12	
28,385	-0,14	
28,39	-0,16	
28,395	-0,18	
28,4	-0,2	
28,405	-0,21	
28,41	-0,23	
28,415	-0,25	
28,42	-0,27	
28,425	-0,29	
28,43	-0,31	
28,435	-0,32	
28,44	-0,35	
28,445	-0,36	
28,45	-0,38	
28,455	-0,39	
28,46	-0,41	
28,465	-0,42	
28,47	-0,44	
28,475	-0,46	
28,48	-0,47	
28,485	-0,49	
28,49	-0,51	
28,495	-0,52	
28,5	-0,53	
28,505	-0,54	
28,51	-0,55	
28,515	-0,56	
28,52	-0,58	
28,525	-0,59	
28,53	-0,61	
28,535	-0,62	
28,54	-0,63	
28,545	-0,64	
28,55	-0,65	
28,555	-0,66	
28,56	-0,67	
28,565	-0,67	
28,57	-0,68	
28,575	-0,69	
28,58	-0,7	
28,585	-0,7	
28,59	-0,71	
28,595	-0,71	
28,6	-0,72	
28,605	-0,72	
28,61	-0,73	
28,615	-0,73	
28,62	-0,73	
28,625	-0,73	
28,63	-0,74	
28,635	-0,74	
28,64	-0,74	
28,645	-0,75	
28,65	-0,75	
28,655	-0,75	
28,66	-0,74	
28,665	-0,74	
28,67	-0,73	
28,675	-0,72	
28,68	-0,72	
28,685	-0,72	
28,69	-0,72	
28,695	-0,72	
28,7	-0,72	
28,705	-0,72	
28,71	-0,7	
28,715	-0,69	
28,72	-0,68	
28,725	-0,67	
28,73	-0,66	
28,735	-0,66	
28,74	-0,65	
28,745	-0,65	
28,75	-0,65	
28,755	-0,63	
28,76	-0,62	
28,765	-0,6	
28,77	-0,59	
28,775	-0,57	
28,78	-0,56	
28,785	-0,55	
28,79	-0,54	
28,795	-0,53	
28,8	-0,52	
28,805	-0,51	
28,81	-0,49	
28,815	-0,48	
28,82	-0,46	
28,825	-0,44	
28,83	-0,42	
28,835	-0,4	
28,84	-0,38	
28,845	-0,37	
28,85	-0,35	
28,855	-0,34	
28,86	-0,33	
28,865	-0,31	
28,87	-0,29	
28,875	-0,27	
28,88	-0,25	
28,885	-0,23	
28,89	-0,21	
28,895	-0,18	
28,9	-0,16	
28,905	-0,15	
28,91	-0,14	
28,915	-0,12	
28,92	-0,1	
28,925	-0,08	
28,93	-0,06	
28,935	-0,04	
28,94	-0,01	
28,945	0,01	
28,95	0,03	
28,955	0,04	
28,96	0,06	
28,965	0,07	
28,97	0,09	
28,975	0,11	
28,98	0,12	
28,985	0,16	
28,99	0,18	
28,995	0,2	
29,0	0,23	
29,005	0,24	
29,01	0,25	
29,015	0,26	
29,02	0,27	
29,025	0,29	
29,03	0,32	
29,035	0,34	
29,04	0,36	
29,045	0,38	
29,05	0,4	
29,055	0,42	
29,06	0,43	
29,065	0,44	
29,07	0,45	
29,075	0,47	
29,08	0,48	
29,085	0,5	
29,09	0,52	
29,095	0,54	
29,1	0,55	
29,105	0,57	
29,11	0,57	
29,115	0,58	
29,12	0,59	
29,125	0,6	
29,13	0,62	
29,135	0,63	
29,14	0,64	
29,145	0,65	
29,15	0,66	
29,155	0,67	
29,16	0,68	
29,165	0,69	
29,17	0,69	
29,175	0,7	
29,18	0,7	
29,185	0,71	
29,19	0,71	
29,195	0,72	
29,2	0,73	
29,205	0,73	
29,21	0,74	
29,215	0,74	
29,22	0,74	
29,225	0,75	
29,23	0,74	
29,235	0,74	
29,24	0,74	
29,245	0,74	
29,25	0,74	
29,255	0,74	
29,26	0,75	
29,265	0,75	
29,27	0,75	
29,275	0,74	
29,28	0,74	
29,285	0,73	
29,29	0,72	
29,295	0,71	
29,3	0,7	
29,305	0,7	
29,31	0,7	
29,315	0,7	
29,32	0,69	
29,325	0,69	
29,33	0,68	
29,335	0,66	
29,34	0,65	
29,345	0,64	
29,35	0,62	
29,355	0,61	
29,36	0,61	
29,365	0,6	
29,37	0,59	
29,375	0,58	
29,38	0,57	
29,385	0,55	
29,39	0,53	
29,395	0,51	
29,4	0,5	
29,405	0,48	
29,41	0,47	
29,415	0,46	
29,42	0,45	
29,425	0,43	
29,43	0,42	
29,435	0,4	
29,44	0,37	
29,445	0,36	
29,45	0,34	
29,455	0,33	
29,46	0,31	
29,465	0,29	
29,47	0,27	
29,475	0,26	
29,48	0,24	
29,485	0,22	
29,49	0,2	
29,495	0,18	
29,5	0,16	
29,505	0,14	
29,51	0,12	
29,515	0,1	
29,52	0,09	
29,525	0,07	
29,53	0,04	
29,535	0,03	
29,54	0,01	
29,545	-0,01	
29,55	-0,03	
29,555	-0,05	
29,56	-0,07	
29,565	-0,09	
29,57	-0,12	
29,575	-0,14	
29,58	-0,16	
29,585	-0,18	
29,59	-0,19	
29,595	-0,2	
29,6	-0,22	
29,605	-0,24	
29,61	-0,26	
29,615	-0,28	
29,62	-0,31	
29,625	-0,33	
29,63	-0,35	
29,635	-0,36	
29,64	-0,37	
29,645	-0,38	
29,65	-0,4	
29,655	-0,41	
29,66	-0,43	
29,665	-0,46	
29,67	-0,48	
29,675	-0,49	
29,68	-0,51	
29,685	-0,52	
29,69	-0,53	
29,695	-0,54	
29,7	-0,55	
29,705	-0,56	
29,71	-0,58	
29,715	-0,6	
29,72	-0,62	
29,725	-0,63	
29,73	-0,64	
29,735	-0,65	
29,74	-0,65	
29,745	-0,66	
29,75	-0,67	
29,755	-0,68	
29,76	-0,68	
29,765	-0,69	
29,77	-0,7	
29,775	-0,71	
29,78	-0,72	
29,785	-0,72	
29,79	-0,73	
29,795	-0,73	
29,8	-0,73	
29,805	-0,73	
29,81	-0,73	
29,815	-0,74	
29,82	-0,74	
29,825	-0,74	
29,83	-0,75	
29,835	-0,75	
29,84	-0,76	
29,845	-0,76	
29,85	-0,76	
29,855	-0,75	
29,86	-0,75	
29,865	-0,74	
29,87	-0,74	
29,875	-0,73	
29,88	-0,73	
29,885	-0,73	
29,89	-0,73	
29,895	-0,72	
29,9	-0,72	
29,905	-0,71	
29,91	-0,69	
29,915	-0,68	
29,92	-0,68	
29,925	-0,67	
29,93	-0,66	
29,935	-0,66	
29,94	-0,65	
29,945	-0,64	
29,95	-0,63	
29,955	-0,62	
29,96	-0,61	
29,965	-0,59	
29,97	-0,58	
29,975	-0,56	
29,98	-0,55	
29,985	-0,54	
29,99	-0,53	
29,995	-0,52	
30,0	-0,51	
30,005	-0,49	
30,01	-0,48	
30,015	-0,46	
30,02	-0,44	
30,025	-0,42	
30,03	-0,39	
30,035	-0,38	
30,04	-0,37	
30,045	-0,36	
30,05	-0,34	
30,055	-0,33	
30,06	-0,31	
30,065	-0,29	
30,07	-0,27	
30,075	-0,24	
30,08	-0,22	
30,085	-0,2	
30,09	-0,18	
30,095	-0,16	
30,1	-0,15	
30,105	-0,13	
30,11	-0,12	
30,115	-0,1	
30,12	-0,08	
30,125	-0,05	
30,13	-0,03	
30,135	-0,01	
30,14	0,01	
30,145	0,03	
30,15	0,05	
30,155	0,06	
30,16	0,08	
30,165	0,1	
30,17	0,12	
30,175	0,14	
30,18	0,17	
30,185	0,19	
30,19	0,22	
30,195	0,24	
30,2	0,25	
30,205	0,27	
30,21	0,28	
30,215	0,29	
30,22	0,31	
30,225	0,32	
30,23	0,35	
30,235	0,37	
30,24	0,39	
30,245	0,41	
30,25	0,42	
30,255	0,43	
30,26	0,45	
30,265	0,46	
30,27	0,47	
30,275	0,48	
30,28	0,51	
30,285	0,52	
30,29	0,54	
30,295	0,56	
30,3	0,58	
30,305	0,59	
30,31	0,6	
30,315	0,61	
30,32	0,61	
30,325	0,63	
30,33	0,64	
30,335	0,65	
30,34	0,66	
30,345	0,67	
30,35	0,69	
30,355	0,69	
30,36	0,7	
30,365	0,7	
30,37	0,71	
30,375	0,71	
30,38	0,71	
30,385	0,72	
30,39	0,73	
30,395	0,74	
30,4	0,74	
30,405	0,75	
30,41	0,75	
30,415	0,76	
30,42	0,76	
30,425	0,76	
30,43	0,75	
30,435	0,75	
30,44	0,75	
30,445	0,75	
30,45	0,75	
30,455	0,76	
30,46	0,76	
30,465	0,76	
30,47	0,75	
30,475	0,75	
30,48	0,74	
30,485	0,72	
30,49	0,71	
30,495	0,71	
30,5	0,71	
30,505	0,71	
30,51	0,7	
30,515	0,71	
30,52	0,7	
30,525	0,68	
30,53	0,66	
30,535	0,65	
30,54	0,64	
30,545	0,63	
30,55	0,62	
30,555	0,62	
30,56	0,61	
30,565	0,6	
30,57	0,59	
30,575	0,56	
30,58	0,54	
30,585	0,53	
30,59	0,51	
30,595	0,5	
30,6	0,49	
30,605	0,48	
30,61	0,47	
30,615	0,46	
30,62	0,43	
30,625	0,42	
30,63	0,4	
30,635	0,38	
30,64	0,36	
30,645	0,34	
30,65	0,33	
30,655	0,31	
30,66	0,29	
30,665	0,27	
30,67	0,25	
30,675	0,23	
30,68	0,22	
30,685	0,2	
30,69	0,18	
30,695	0,16	
30,7	0,14	
30,705	0,12	
30,71	0,1	
30,715	0,07	
30,72	0,06	
30,725	0,04	
30,73	0,02	
30,735	0,01	
30,74	-0,01	
30,745	-0,03	
30,75	-0,05	
30,755	-0,07	
30,76	-0,11	
30,765	-0,13	
30,77	-0,15	
30,775	-0,16	
30,78	-0,18	
30,785	-0,19	
30,79	-0,21	
30,795	-0,23	
30,8	-0,25	
30,805	-0,28	
30,81	-0,3	
30,815	-0,32	
30,82	-0,33	
30,825	-0,34	
30,83	-0,36	
30,835	-0,37	
30,84	-0,39	
30,845	-0,41	
30,85	-0,43	
30,855	-0,45	
30,86	-0,47	
30,865	-0,48	
30,87	-0,5	
30,875	-0,51	
30,88	-0,53	
30,885	-0,54	
30,89	-0,55	
30,895	-0,57	
30,9	-0,58	
30,905	-0,59	
30,91	-0,6	
30,915	-0,62	
30,92	-0,63	
30,925	-0,64	
30,93	-0,65	
30,935	-0,66	
30,94	-0,67	
30,945	-0,68	
30,95	-0,68	
30,955	-0,69	
30,96	-0,7	
30,965	-0,7	
30,97	-0,71	
30,975	-0,73	
30,98	-0,73	
30,985	-0,75	
30,99	-0,75	
30,995	-0,75	
31,0	-0,75	
31,005	-0,75	
31,01	-0,75	
31,015	-0,75	
31,02	-0,76	
31,025	-0,76	
31,03	-0,76	
31,035	-0,76	
31,04	-0,76	
31,045	-0,76	
31,05	-0,76	
31,055	-0,75	
31,06	-0,75	
31,065	-0,74	
31,07	-0,74	
31,075	-0,74	
31,08	-0,74	
31,085	-0,74	
31,09	-0,74	
31,095	-0,73	
31,1	-0,72	
31,105	-0,71	
31,11	-0,7	
31,115	-0,69	
31,12	-0,68	
31,125	-0,67	
31,13	-0,67	
31,135	-0,66	
31,14	-0,66	
31,145	-0,65	
31,15	-0,64	
31,155	-0,62	
31,16	-0,6	
31,165	-0,59	
31,17	-0,56	
31,175	-0,55	
31,18	-0,54	
31,185	-0,54	
31,19	-0,53	
31,195	-0,52	
31,2	-0,5	
31,205	-0,48	
31,21	-0,46	
31,215	-0,43	
31,22	-0,42	
31,225	-0,4	
31,23	-0,39	
31,235	-0,38	
31,24	-0,36	
31,245	-0,35	
31,25	-0,34	
31,255	-0,32	
31,26	-0,29	
31,265	-0,27	
31,27	-0,25	
31,275	-0,23	
31,28	-0,21	
31,285	-0,19	
31,29	-0,17	
31,295	-0,16	
31,3	-0,14	
31,305	-0,11	
31,31	-0,1	
31,315	-0,08	
31,32	-0,05	
31,325	-0,03	
31,33	-0,01	
31,335	0,01	
31,34	0,03	
31,345	0,05	
31,35	0,07	
31,355	0,08	
31,36	0,1	
31,365	0,11	
31,37	0,14	
31,375	0,16	
31,38	0,19	
31,385	0,21	
31,39	0,23	
31,395	0,25	
31,4	0,26	
31,405	0,27	
31,41	0,29	
31,415	0,31	
31,42	0,32	
31,425	0,35	
31,43	0,37	
31,435	0,39	
31,44	0,42	
31,445	0,43	
31,45	0,44	
31,455	0,45	
31,46	0,46	
31,465	0,48	
31,47	0,49	
31,475	0,51	
31,48	0,53	
31,485	0,55	
31,49	0,57	
31,495	0,58	
31,5	0,59	
31,505	0,6	
31,51	0,61	
31,515	0,61	
31,52	0,62	
31,525	0,64	
31,53	0,65	
31,535	0,66	
31,54	0,68	
31,545	0,69	
31,55	0,69	
31,555	0,7	
31,56	0,71	
31,565	0,71	
31,57	0,72	
31,575	0,73	
31,58	0,73	
31,585	0,74	
31,59	0,74	
31,595	0,75	
31,6	0,76	
31,605	0,76	
31,61	0,77	
31,615	0,77	
31,62	0,77	
31,625	0,76	
31,63	0,75	
31,635	0,75	
31,64	0,75	
31,645	0,76	
31,65	0,76	
31,655	0,76	
31,66	0,76	
31,665	0,76	
31,67	0,75	
31,675	0,74	
31,68	0,73	
31,685	0,72	
31,69	0,72	
31,695	0,72	
31,7	0,72	
31,705	0,71	
31,71	0,71	
31,715	0,7	
31,72	0,69	
31,725	0,67	
31,73	0,66	
31,735	0,65	
31,74	0,64	
31,745	0,63	
31,75	0,62	
31,755	0,62	
31,76	0,61	
31,765	0,59	
31,77	0,58	
31,775	0,56	
31,78	0,55	
31,785	0,53	
31,79	0,52	
31,795	0,5	
31,8	0,49	
31,805	0,47	
31,81	0,46	
31,815	0,44	
31,82	0,43	
31,825	0,41	
31,83	0,4	
31,835	0,38	
31,84	0,36	
31,845	0,34	
31,85	0,31	
31,855	0,3	
31,86	0,28	
31,865	0,26	
31,87	0,25	
31,875	0,23	
31,88	0,21	
31,885	0,19	
31,89	0,17	
31,895	0,14	
31,9	0,12	
31,905	0,1	
31,91	0,08	
31,915	0,06	
31,92	0,05	
31,925	0,03	
31,93	0,01	
31,935	0	
31,94	-0,03	
31,945	-0,05	
31,95	-0,08	
31,955	-0,1	
31,96	-0,12	
31,965	-0,14	
31,97	-0,16	
31,975	-0,17	
31,98	-0,19	
31,985	-0,21	
31,99	-0,23	
31,995	-0,26	
32,0	-0,27	
32,005	-0,29	
32,01	-0,31	
32,015	-0,33	
32,02	-0,34	
32,025	-0,35	
32,03	-0,38	
32,035	-0,39	
32,04	-0,41	
32,045	-0,42	
32,05	-0,44	
32,055	-0,46	
32,06	-0,48	
32,065	-0,49	
32,07	-0,51	
32,075	-0,52	
32,08	-0,54	
32,085	-0,55	
32,09	-0,56	
32,095	-0,57	
32,1	-0,59	
32,105	-0,6	
32,11	-0,61	
32,115	-0,62	
32,12	-0,63	
32,125	-0,65	
32,13	-0,66	
32,135	-0,67	
32,14	-0,68	
32,145	-0,68	
32,15	-0,69	
32,155	-0,69	
32,16	-0,7	
32,165	-0,71	
32,17	-0,73	
32,175	-0,74	
32,18	-0,74	
32,185	-0,75	
32,19	-0,75	
32,195	-0,75	
32,2	-0,75	
32,205	-0,75	
32,21	-0,75	
32,215	-0,76	
32,22	-0,76	
32,225	-0,77	
32,23	-0,77	
32,235	-0,77	
32,24	-0,77	
32,245	-0,77	
32,25	-0,76	
32,255	-0,75	
32,26	-0,74	
32,265	-0,74	
32,27	-0,74	
32,275	-0,74	
32,28	-0,74	
32,285	-0,74	
32,29	-0,74	
32,295	-0,73	
32,3	-0,72	
32,305	-0,7	
32,31	-0,69	
32,315	-0,68	
32,32	-0,68	
32,325	-0,67	
32,33	-0,67	
32,335	-0,66	
32,34	-0,65	
32,345	-0,64	
32,35	-0,62	
32,355	-0,6	
32,36	-0,59	
32,365	-0,57	
32,37	-0,56	
32,375	-0,55	
32,38	-0,55	
32,385	-0,54	
32,39	-0,53	
32,395	-0,51	
32,4	-0,49	
32,405	-0,47	
32,41	-0,45	
32,415	-0,43	
32,42	-0,41	
32,425	-0,4	
32,43	-0,38	
32,435	-0,37	
32,44	-0,35	
32,445	-0,34	
32,45	-0,32	
32,455	-0,3	
32,46	-0,28	
32,465	-0,26	
32,47	-0,24	
32,475	-0,22	
32,48	-0,2	
32,485	-0,18	
32,49	-0,16	
32,495	-0,14	
32,5	-0,13	
32,505	-0,11	
32,51	-0,08	
32,515	-0,06	
32,52	-0,04	
32,525	-0,02	
32,53	0	
32,535	0,03	
32,54	0,04	
32,545	0,06	
32,55	0,07	
32,555	0,08	
32,56	0,1	
32,565	0,12	
32,57	0,15	
32,575	0,17	
32,58	0,21	
32,585	0,23	
32,59	0,24	
32,595	0,25	
32,6	0,27	
32,605	0,28	
32,61	0,29	
32,615	0,31	
32,62	0,34	
32,625	0,37	
32,63	0,39	
32,635	0,41	
32,64	0,42	
32,645	0,43	
32,65	0,44	
32,655	0,45	
32,66	0,46	
32,665	0,48	
32,67	0,51	
32,675	0,53	
32,68	0,55	
32,685	0,56	
32,69	0,57	
32,695	0,58	
32,7	0,59	
32,705	0,6	
32,71	0,61	
32,715	0,62	
32,72	0,63	
32,725	0,64	
32,73	0,66	
32,735	0,67	
32,74	0,69	
32,745	0,69	
32,75	0,7	
32,755	0,7	
32,76	0,71	
32,765	0,71	
32,77	0,72	
32,775	0,72	
32,78	0,73	
32,785	0,74	
32,79	0,75	
32,795	0,76	
32,8	0,76	
32,805	0,76	
32,81	0,76	
32,815	0,76	
32,82	0,75	
32,825	0,75	
32,83	0,75	
32,835	0,75	
32,84	0,76	
32,845	0,76	
32,85	0,77	
32,855	0,77	
32,86	0,76	
32,865	0,75	
32,87	0,74	
32,875	0,74	
32,88	0,73	
32,885	0,72	
32,89	0,72	
32,895	0,72	
32,9	0,72	
32,905	0,71	
32,91	0,71	
32,915	0,7	
32,92	0,68	
32,925	0,67	
32,93	0,65	
32,935	0,64	
32,94	0,63	
32,945	0,63	
32,95	0,62	
32,955	0,61	
32,96	0,6	
32,965	0,58	
32,97	0,57	
32,975	0,55	
32,98	0,54	
32,985	0,52	
32,99	0,5	
32,995	0,49	
33,0	0,48	
33,005	0,47	
33,01	0,45	
33,015	0,43	
33,02	0,42	
33,025	0,4	
33,03	0,38	
33,035	0,36	
33,04	0,34	
33,045	0,32	
33,05	0,31	
33,055	0,29	
33,06	0,27	
33,065	0,25	
33,07	0,24	
33,075	0,22	
33,08	0,2	
33,085	0,17	
33,09	0,16	
33,095	0,13	
33,1	0,11	
33,105	0,09	
33,11	0,07	
33,115	0,06	
33,12	0,04	
33,125	0,02	
33,13	0	
33,135	-0,02	
33,14	-0,04	
33,145	-0,06	
33,15	-0,09	
33,155	-0,11	
33,16	-0,13	
33,165	-0,14	
33,17	-0,17	
33,175	-0,18	
33,18	-0,2	
33,185	-0,21	
33,19	-0,23	
33,195	-0,25	
33,2	-0,27	
33,205	-0,29	
33,21	-0,31	
33,215	-0,34	
33,22	-0,35	
33,225	-0,37	
33,23	-0,38	
33,235	-0,39	
33,24	-0,41	
33,245	-0,42	
33,25	-0,44	
33,255	-0,46	
33,26	-0,49	
33,265	-0,5	
33,27	-0,52	
33,275	-0,53	
33,28	-0,54	
33,285	-0,55	
33,29	-0,56	
33,295	-0,58	
33,3	-0,59	
33,305	-0,61	
33,31	-0,62	
33,315	-0,64	
33,32	-0,65	
33,325	-0,66	
33,33	-0,67	
33,335	-0,67	
33,34	-0,67	
33,345	-0,68	
33,35	-0,69	
33,355	-0,7	
33,36	-0,71	
33,365	-0,72	
33,37	-0,73	
33,375	-0,74	
33,38	-0,74	
33,385	-0,74	
33,39	-0,74	
33,395	-0,74	
33,4	-0,74	
33,405	-0,75	
33,41	-0,75	
33,415	-0,76	
33,42	-0,76	
33,425	-0,77	
33,43	-0,77	
33,435	-0,76	
33,44	-0,76	
33,445	-0,75	
33,45	-0,75	
33,455	-0,74	
33,46	-0,74	
33,465	-0,74	
33,47	-0,74	
33,475	-0,75	
33,48	-0,74	
33,485	-0,74	
33,49	-0,72	
33,495	-0,71	
33,5	-0,7	
33,505	-0,69	
33,51	-0,68	
33,515	-0,68	
33,52	-0,67	
33,525	-0,67	
33,53	-0,67	
33,535	-0,65	
33,54	-0,64	
33,545	-0,63	
33,55	-0,61	
33,555	-0,59	
33,56	-0,58	
33,565	-0,57	
33,57	-0,56	
33,575	-0,55	
33,58	-0,53	
33,585	-0,52	
33,59	-0,51	
33,595	-0,49	
33,6	-0,47	
33,605	-0,45	
33,61	-0,43	
33,615	-0,42	
33,62	-0,4	
33,625	-0,38	
33,63	-0,37	
33,635	-0,35	
33,64	-0,34	
33,645	-0,32	
33,65	-0,3	
33,655	-0,29	
33,66	-0,27	
33,665	-0,25	
33,67	-0,21	
33,675	-0,2	
33,68	-0,18	
33,685	-0,17	
33,69	-0,15	
33,695	-0,14	
33,7	-0,12	
33,705	-0,1	
33,71	-0,08	
33,715	-0,04	
33,72	-0,02	
33,725	0	
33,73	0,01	
33,735	0,03	
33,74	0,04	
33,745	0,05	
33,75	0,07	
33,755	0,09	
33,76	0,12	
33,765	0,14	
33,77	0,17	
33,775	0,19	
33,78	0,22	
33,785	0,23	
33,79	0,24	
33,795	0,25	
33,8	0,26	
33,805	0,29	
33,81	0,31	
33,815	0,34	
33,82	0,36	
33,825	0,38	
33,83	0,39	
33,835	0,41	
33,84	0,42	
33,845	0,43	
33,85	0,45	
33,855	0,46	
33,86	0,48	
33,865	0,5	
33,87	0,52	
33,875	0,53	
33,88	0,55	
33,885	0,56	
33,89	0,57	
33,895	0,58	
33,9	0,59	
33,905	0,6	
33,91	0,61	
33,915	0,63	
33,92	0,64	
33,925	0,65	
33,93	0,66	
33,935	0,67	
33,94	0,68	
33,945	0,69	
33,95	0,69	
33,955	0,7	
33,96	0,71	
33,965	0,71	
33,97	0,72	
33,975	0,72	
33,98	0,73	
33,985	0,74	
33,99	0,75	
33,995	0,75	
34,0	0,76	
34,005	0,75	
34,01	0,75	
34,015	0,75	
34,02	0,75	
34,025	0,75	
34,03	0,75	
34,035	0,75	
34,04	0,75	
34,045	0,76	
34,05	0,76	
34,055	0,75	
34,06	0,74	
34,065	0,74	
34,07	0,73	
34,075	0,72	
34,08	0,71	
34,085	0,71	
34,09	0,71	
34,095	0,71	
34,1	0,71	
34,105	0,7	
34,11	0,69	
34,115	0,68	
34,12	0,67	
34,125	0,65	
34,13	0,64	
34,135	0,63	
34,14	0,63	
34,145	0,62	
34,15	0,61	
34,155	0,6	
34,16	0,58	
34,165	0,57	
34,17	0,54	
34,175	0,53	
34,18	0,51	
34,185	0,5	
34,19	0,49	
34,195	0,48	
34,2	0,47	
34,205	0,46	
34,21	0,44	
34,215	0,42	
34,22	0,4	
34,225	0,38	
34,23	0,37	
34,235	0,35	
34,24	0,33	
34,245	0,31	
34,25	0,29	
34,255	0,28	
34,26	0,25	
34,265	0,24	
34,27	0,22	
34,275	0,21	
34,28	0,19	
34,285	0,17	
34,29	0,14	
34,295	0,12	
34,3	0,1	
34,305	0,07	
34,31	0,06	
34,315	0,05	
34,32	0,03	
34,325	0,01	
34,33	-0,01	
34,335	-0,03	
34,34	-0,05	
34,345	-0,07	
34,35	-0,09	
34,355	-0,12	
34,36	-0,13	
34,365	-0,15	
34,37	-0,16	
34,375	-0,18	
34,38	-0,2	
34,385	-0,22	
34,39	-0,24	
34,395	-0,26	
34,4	-0,29	
34,405	-0,31	
34,41	-0,32	
34,415	-0,34	
34,42	-0,35	
34,425	-0,37	
34,43	-0,38	
34,435	-0,4	
34,44	-0,41	
34,445	-0,44	
34,45	-0,46	
34,455	-0,47	
34,46	-0,49	
34,465	-0,5	
34,47	-0,51	
34,475	-0,52	
34,48	-0,53	
34,485	-0,55	
34,49	-0,56	
34,495	-0,58	
34,5	-0,59	
34,505	-0,61	
34,51	-0,62	
34,515	-0,63	
34,52	-0,64	
34,525	-0,65	
34,53	-0,66	
34,535	-0,67	
34,54	-0,67	
34,545	-0,68	
34,55	-0,69	
34,555	-0,7	
34,56	-0,7	
34,565	-0,71	
34,57	-0,72	
34,575	-0,72	
34,58	-0,73	
34,585	-0,73	
34,59	-0,73	
34,595	-0,73	
34,6	-0,73	
34,605	-0,74	
34,61	-0,74	
34,615	-0,75	
34,62	-0,76	
34,625	-0,76	
34,63	-0,76	
34,635	-0,75	
34,64	-0,74	
34,645	-0,73	
34,65	-0,73	
34,655	-0,73	
34,66	-0,73	
34,665	-0,73	
34,67	-0,73	
34,675	-0,73	
34,68	-0,73	
34,685	-0,72	
34,69	-0,7	
34,695	-0,69	
34,7	-0,68	
34,705	-0,67	
34,71	-0,67	
34,715	-0,67	
34,72	-0,66	
34,725	-0,66	
34,73	-0,65	
34,735	-0,63	
34,74	-0,62	
34,745	-0,6	
34,75	-0,59	
34,755	-0,58	
34,76	-0,56	
34,765	-0,55	
34,77	-0,54	
34,775	-0,53	
34,78	-0,52	
34,785	-0,51	
34,79	-0,49	
34,795	-0,47	
34,8	-0,46	
34,805	-0,44	
34,81	-0,41	
34,815	-0,4	
34,82	-0,39	
34,825	-0,38	
34,83	-0,36	
34,835	-0,35	
34,84	-0,33	
34,845	-0,31	
34,85	-0,29	
34,855	-0,26	
34,86	-0,24	
34,865	-0,22	
34,87	-0,21	
34,875	-0,19	
34,88	-0,18	
34,885	-0,17	
34,89	-0,15	
34,895	-0,13	
34,9	-0,1	
34,905	-0,08	
34,91	-0,05	
34,915	-0,03	
34,92	-0,01	
34,925	0,01	
34,93	0,02	
34,935	0,04	
34,94	0,05	
34,945	0,07	
34,95	0,09	
34,955	0,12	
34,96	0,14	
34,965	0,16	
34,97	0,18	
34,975	0,2	
34,98	0,22	
34,985	0,23	
34,99	0,25	
34,995	0,26	
35,0	0,28	
35,005	0,3	
35,01	0,32	
35,015	0,34	
35,02	0,36	
35,025	0,38	
35,03	0,39	
35,035	0,41	
35,04	0,42	
35,045	0,44	
35,05	0,45	
35,055	0,46	
35,06	0,48	
35,065	0,5	
35,07	0,52	
35,075	0,53	
35,08	0,55	
35,085	0,56	
35,09	0,57	
35,095	0,58	
35,1	0,59	
35,105	0,6	
35,11	0,61	
35,115	0,62	
35,12	0,63	
35,125	0,65	
35,13	0,66	
35,135	0,67	
35,14	0,67	
35,145	0,68	
35,15	0,68	
35,155	0,69	
35,16	0,69	
35,165	0,7	
35,17	0,71	
35,175	0,72	
35,18	0,72	
35,185	0,73	
35,19	0,73	
35,195	0,74	
35,2	0,74	
35,205	0,74	
35,21	0,73	
35,215	0,73	
35,22	0,73	
35,225	0,73	
35,23	0,74	
35,235	0,74	
35,24	0,74	
35,245	0,74	
35,25	0,74	
35,255	0,73	
35,26	0,72	
35,265	0,71	
35,27	0,71	
35,275	0,71	
35,28	0,7	
35,285	0,7	
35,29	0,7	
35,295	0,69	
35,3	0,69	
35,305	0,68	
35,31	0,66	
35,315	0,65	
35,32	0,64	
35,325	0,63	
35,33	0,62	
35,335	0,61	
35,34	0,61	
35,345	0,6	
35,35	0,59	
35,355	0,57	
35,36	0,55	
35,365	0,54	
35,37	0,52	
35,375	0,51	
35,38	0,5	
35,385	0,49	
35,39	0,47	
35,395	0,46	
35,4	0,44	
35,405	0,42	
35,41	0,41	
35,415	0,39	
35,42	0,38	
35,425	0,36	
35,43	0,35	
35,435	0,33	
35,44	0,31	
35,445	0,29	
35,45	0,27	
35,455	0,25	
35,46	0,24	
35,465	0,22	
35,47	0,2	
35,475	0,19	
35,48	0,17	
35,485	0,15	
35,49	0,12	
35,495	0,1	
35,5	0,08	
35,505	0,06	
35,51	0,05	
35,515	0,03	
35,52	0,01	
35,525	-0,01	
35,53	-0,03	
35,535	-0,06	
35,54	-0,08	
35,545	-0,1	
35,55	-0,11	
35,555	-0,13	
35,56	-0,15	
35,565	-0,16	
35,57	-0,18	
35,575	-0,2	
35,58	-0,22	
35,585	-0,24	
35,59	-0,26	
35,595	-0,28	
35,6	-0,3	
35,605	-0,31	
35,61	-0,33	
35,615	-0,34	
35,62	-0,36	
35,625	-0,38	
35,63	-0,4	
35,635	-0,41	
35,64	-0,43	
35,645	-0,44	
35,65	-0,46	
35,655	-0,47	
35,66	-0,49	
35,665	-0,5	
35,67	-0,52	
35,675	-0,53	
35,68	-0,54	
35,685	-0,55	
35,69	-0,56	
35,695	-0,57	
35,7	-0,59	
35,705	-0,6	
35,71	-0,61	
35,715	-0,63	
35,72	-0,64	
35,725	-0,65	
35,73	-0,65	
35,735	-0,66	
35,74	-0,67	
35,745	-0,68	
35,75	-0,69	
35,755	-0,69	
35,76	-0,7	
35,765	-0,7	
35,77	-0,71	
35,775	-0,71	
35,78	-0,72	
35,785	-0,72	
35,79	-0,72	
35,795	-0,72	
35,8	-0,72	
35,805	-0,73	
35,81	-0,73	
35,815	-0,74	
35,82	-0,74	
35,825	-0,74	
35,83	-0,73	
35,835	-0,73	
35,84	-0,72	
35,845	-0,72	
35,85	-0,71	
35,855	-0,72	
35,86	-0,72	
35,865	-0,72	
35,87	-0,72	
35,875	-0,71	
35,88	-0,7	
35,885	-0,69	
35,89	-0,68	
35,895	-0,67	
35,9	-0,66	
35,905	-0,65	
35,91	-0,65	
35,915	-0,65	
35,92	-0,64	
35,925	-0,63	
35,93	-0,61	
35,935	-0,6	
35,94	-0,58	
35,945	-0,56	
35,95	-0,55	
35,955	-0,55	
35,96	-0,55	
35,965	-0,54	
35,97	-0,53	
35,975	-0,51	
35,98	-0,5	
35,985	-0,47	
35,99	-0,45	
35,995	-0,43	
36,0	-0,41	
36,005	-0,4	
36,01	-0,39	
36,015	-0,38	
36,02	-0,37	
36,025	-0,36	
36,03	-0,34	
36,035	-0,31	
36,04	-0,29	
36,045	-0,27	
36,05	-0,24	
36,055	-0,23	
36,06	-0,21	
36,065	-0,2	
36,07	-0,19	
36,075	-0,18	
36,08	-0,15	
36,085	-0,13	
36,09	-0,11	
36,095	-0,09	
36,1	-0,07	
36,105	-0,05	
36,11	-0,03	
36,115	-0,01	
36,12	0	
36,125	0,03	
36,13	0,05	
36,135	0,06	
36,14	0,08	
36,145	0,1	
36,15	0,12	
36,155	0,14	
36,16	0,16	
36,165	0,17	
36,17	0,19	
36,175	0,22	
36,18	0,23	
36,185	0,25	
36,19	0,27	
36,195	0,28	
36,2	0,3	
36,205	0,32	
36,21	0,33	
36,215	0,36	
36,22	0,38	
36,225	0,39	
36,23	0,41	
36,235	0,42	
36,24	0,43	
36,245	0,44	
36,25	0,46	
36,255	0,47	
36,26	0,49	
36,265	0,52	
36,27	0,53	
36,275	0,54	
36,28	0,55	
36,285	0,56	
36,29	0,57	
36,295	0,58	
36,3	0,59	
36,305	0,6	
36,31	0,62	
36,315	0,63	
36,32	0,64	
36,325	0,65	
36,33	0,66	
36,335	0,66	
36,34	0,67	
36,345	0,67	
36,35	0,67	
36,355	0,68	
36,36	0,69	
36,365	0,7	
36,37	0,7	
36,375	0,71	
36,38	0,72	
36,385	0,73	
36,39	0,73	
36,395	0,72	
36,4	0,72	
36,405	0,71	
36,41	0,71	
36,415	0,71	
36,42	0,72	
36,425	0,73	
36,43	0,73	
36,435	0,73	
36,44	0,73	
36,445	0,72	
36,45	0,71	
36,455	0,7	
36,46	0,69	
36,465	0,69	
36,47	0,69	
36,475	0,69	
36,48	0,69	
36,485	0,69	
36,49	0,68	
36,495	0,67	
36,5	0,65	
36,505	0,64	
36,51	0,63	
36,515	0,62	
36,52	0,61	
36,525	0,61	
36,53	0,6	
36,535	0,59	
36,54	0,58	
36,545	0,57	
36,55	0,55	
36,555	0,53	
36,56	0,52	
36,565	0,51	
36,57	0,5	
36,575	0,49	
36,58	0,48	
36,585	0,46	
36,59	0,45	
36,595	0,43	
36,6	0,41	
36,605	0,39	
36,61	0,37	
36,615	0,36	
36,62	0,34	
36,625	0,33	
36,63	0,31	
36,635	0,29	
36,64	0,27	
36,645	0,26	
36,65	0,24	
36,655	0,22	
36,66	0,21	
36,665	0,19	
36,67	0,18	
36,675	0,15	
36,68	0,13	
36,685	0,11	
36,69	0,09	
36,695	0,07	
36,7	0,05	
36,705	0,03	
36,71	0,02	
36,715	0,01	
36,72	-0,02	
36,725	-0,04	
36,73	-0,06	
36,735	-0,08	
36,74	-0,1	
36,745	-0,12	
36,75	-0,14	
36,755	-0,16	
36,76	-0,17	
36,765	-0,19	
36,77	-0,2	
36,775	-0,22	
36,78	-0,24	
36,785	-0,26	
36,79	-0,28	
36,795	-0,3	
36,8	-0,32	
36,805	-0,33	
36,81	-0,35	
36,815	-0,36	
36,82	-0,37	
36,825	-0,39	
36,83	-0,4	
36,835	-0,42	
36,84	-0,44	
36,845	-0,46	
36,85	-0,48	
36,855	-0,49	
36,86	-0,5	
36,865	-0,51	
36,87	-0,52	
36,875	-0,53	
36,88	-0,55	
36,885	-0,56	
36,89	-0,58	
36,895	-0,59	
36,9	-0,6	
36,905	-0,61	
36,91	-0,62	
36,915	-0,62	
36,92	-0,63	
36,925	-0,64	
36,93	-0,64	
36,935	-0,65	
36,94	-0,66	
36,945	-0,67	
36,95	-0,68	
36,955	-0,69	
36,96	-0,69	
36,965	-0,7	
36,97	-0,7	
36,975	-0,7	
36,98	-0,7	
36,985	-0,71	
36,99	-0,71	
36,995	-0,71	
37,0	-0,72	
37,005	-0,72	
37,01	-0,72	
37,015	-0,72	
37,02	-0,72	
37,025	-0,71	
37,03	-0,71	
37,035	-0,71	
37,04	-0,7	
37,045	-0,7	
37,05	-0,7	
37,055	-0,7	
37,06	-0,7	
37,065	-0,69	
37,07	-0,69	
37,075	-0,68	
37,08	-0,67	
37,085	-0,66	
37,09	-0,65	
37,095	-0,64	
37,1	-0,64	
37,105	-0,63	
37,11	-0,63	
37,115	-0,62	
37,12	-0,61	
37,125	-0,6	
37,13	-0,59	
37,135	-0,58	
37,14	-0,56	
37,145	-0,55	
37,15	-0,53	
37,155	-0,52	
37,16	-0,51	
37,165	-0,5	
37,17	-0,49	
37,175	-0,47	
37,18	-0,46	
37,185	-0,44	
37,19	-0,42	
37,195	-0,4	
37,2	-0,39	
37,205	-0,37	
37,21	-0,36	
37,215	-0,35	
37,22	-0,33	
37,225	-0,31	
37,23	-0,3	
37,235	-0,28	
37,24	-0,26	
37,245	-0,24	
37,25	-0,22	
37,255	-0,2	
37,26	-0,19	
37,265	-0,17	
37,27	-0,15	
37,275	-0,14	
37,28	-0,12	
37,285	-0,1	
37,29	-0,08	
37,295	-0,06	
37,3	-0,04	
37,305	-0,01	
37,31	0,01	
37,315	0,03	
37,32	0,04	
37,325	0,06	
37,33	0,07	
37,335	0,08	
37,34	0,1	
37,345	0,12	
37,35	0,15	
37,355	0,18	
37,36	0,2	
37,365	0,22	
37,37	0,23	
37,375	0,24	
37,38	0,25	
37,385	0,26	
37,39	0,27	
37,395	0,3	
37,4	0,33	
37,405	0,35	
37,41	0,37	
37,415	0,39	
37,42	0,4	
37,425	0,41	
37,43	0,41	
37,435	0,42	
37,44	0,44	
37,445	0,46	
37,45	0,48	
37,455	0,5	
37,46	0,52	
37,465	0,53	
37,47	0,53	
37,475	0,54	
37,48	0,54	
37,485	0,55	
37,49	0,57	
37,495	0,59	
37,5	0,6	
37,505	0,61	
37,51	0,63	
37,515	0,63	
37,52	0,64	
37,525	0,65	
37,53	0,65	
37,535	0,66	
37,54	0,67	
37,545	0,67	
37,55	0,68	
37,555	0,69	
37,56	0,69	
37,565	0,69	
37,57	0,7	
37,575	0,7	
37,58	0,7	
37,585	0,7	
37,59	0,7	
37,595	0,71	
37,6	0,71	
37,605	0,71	
37,61	0,71	
37,615	0,71	
37,62	0,71	
37,625	0,71	
37,63	0,71	
37,635	0,7	
37,64	0,7	
37,645	0,7	
37,65	0,69	
37,655	0,68	
37,66	0,68	
37,665	0,67	
37,67	0,67	
37,675	0,66	
37,68	0,66	
37,685	0,66	
37,69	0,65	
37,695	0,64	
37,7	0,63	
37,705	0,61	
37,71	0,6	
37,715	0,59	
37,72	0,58	
37,725	0,57	
37,73	0,57	
37,735	0,56	
37,74	0,55	
37,745	0,54	
37,75	0,52	
37,755	0,51	
37,76	0,49	
37,765	0,47	
37,77	0,46	
37,775	0,45	
37,78	0,44	
37,785	0,43	
37,79	0,42	
37,795	0,4	
37,8	0,39	
37,805	0,37	
37,81	0,34	
37,815	0,32	
37,82	0,3	
37,825	0,29	
37,83	0,27	
37,835	0,26	
37,84	0,25	
37,845	0,23	
37,85	0,22	
37,855	0,19	
37,86	0,16	
37,865	0,14	
37,87	0,12	
37,875	0,1	
37,88	0,09	
37,885	0,07	
37,89	0,06	
37,895	0,05	
37,9	0,02	
37,905	0	
37,91	-0,02	
37,915	-0,04	
37,92	-0,06	
37,925	-0,08	
37,93	-0,09	
37,935	-0,11	
37,94	-0,12	
37,945	-0,14	
37,95	-0,16	
37,955	-0,18	
37,96	-0,2	
37,965	-0,22	
37,97	-0,24	
37,975	-0,26	
37,98	-0,27	
37,985	-0,29	
37,99	-0,3	
37,995	-0,32	
38,0	-0,34	
38,005	-0,35	
38,01	-0,37	
38,015	-0,39	
38,02	-0,4	
38,025	-0,42	
38,03	-0,43	
38,035	-0,44	
38,04	-0,46	
38,045	-0,48	
38,05	-0,49	
38,055	-0,5	
38,06	-0,52	
38,065	-0,53	
38,07	-0,54	
38,075	-0,55	
38,08	-0,55	
38,085	-0,57	
38,09	-0,58	
38,095	-0,6	
38,1	-0,61	
38,105	-0,62	
38,11	-0,63	
38,115	-0,64	
38,12	-0,64	
38,125	-0,65	
38,13	-0,65	
38,135	-0,66	
38,14	-0,67	
38,145	-0,67	
38,15	-0,68	
38,155	-0,69	
38,16	-0,7	
38,165	-0,7	
38,17	-0,7	
38,175	-0,7	
38,18	-0,69	
38,185	-0,69	
38,19	-0,69	
38,195	-0,7	
38,2	-0,71	
38,205	-0,71	
38,21	-0,72	
38,215	-0,72	
38,22	-0,71	
38,225	-0,7	
38,23	-0,69	
38,235	-0,69	
38,24	-0,68	
38,245	-0,68	
38,25	-0,68	
38,255	-0,68	
38,26	-0,69	
38,265	-0,68	
38,27	-0,67	
38,275	-0,66	
38,28	-0,64	
38,285	-0,63	
38,29	-0,62	
38,295	-0,61	
38,3	-0,62	
38,305	-0,62	
38,31	-0,61	
38,315	-0,6	
38,32	-0,59	
38,325	-0,57	
38,33	-0,55	
38,335	-0,53	
38,34	-0,51	
38,345	-0,51	
38,35	-0,5	
38,355	-0,49	
38,36	-0,48	
38,365	-0,47	
38,37	-0,45	
38,375	-0,44	
38,38	-0,42	
38,385	-0,4	
38,39	-0,38	
38,395	-0,37	
38,4	-0,35	
38,405	-0,34	
38,41	-0,33	
38,415	-0,32	
38,42	-0,3	
38,425	-0,28	
38,43	-0,26	
38,435	-0,23	
38,44	-0,21	
38,445	-0,2	
38,45	-0,18	
38,455	-0,17	
38,46	-0,16	
38,465	-0,14	
38,47	-0,12	
38,475	-0,1	
38,48	-0,08	
38,485	-0,06	
38,49	-0,04	
38,495	-0,01	
38,5	0	
38,505	0,02	
38,51	0,03	
38,515	0,05	
38,52	0,06	
38,525	0,08	
38,53	0,1	
38,535	0,12	
38,54	0,15	
38,545	0,17	
38,55	0,19	
38,555	0,21	
38,56	0,22	
38,565	0,24	
38,57	0,25	
38,575	0,27	
38,58	0,28	
38,585	0,31	
38,59	0,32	
38,595	0,34	
38,6	0,36	
38,605	0,38	
38,61	0,39	
38,615	0,41	
38,62	0,42	
38,625	0,43	
38,63	0,45	
38,635	0,46	
38,64	0,47	
38,645	0,49	
38,65	0,5	
38,655	0,52	
38,66	0,53	
38,665	0,54	
38,67	0,55	
38,675	0,57	
38,68	0,58	
38,685	0,58	
38,69	0,59	
38,695	0,6	
38,7	0,61	
38,705	0,62	
38,71	0,63	
38,715	0,64	
38,72	0,65	
38,725	0,66	
38,73	0,66	
38,735	0,67	
38,74	0,67	
38,745	0,67	
38,75	0,68	
38,755	0,68	
38,76	0,69	
38,765	0,7	
38,77	0,71	
38,775	0,71	
38,78	0,71	
38,785	0,71	
38,79	0,7	
38,795	0,7	
38,8	0,7	
38,805	0,7	
38,81	0,71	
38,815	0,71	
38,82	0,71	
38,825	0,71	
38,83	0,71	
38,835	0,7	
38,84	0,69	
38,845	0,67	
38,85	0,67	
38,855	0,66	
38,86	0,66	
38,865	0,67	
38,87	0,67	
38,875	0,66	
38,88	0,65	
38,885	0,64	
38,89	0,62	
38,895	0,61	
38,9	0,6	
38,905	0,59	
38,91	0,59	
38,915	0,58	
38,92	0,58	
38,925	0,57	
38,93	0,55	
38,935	0,54	
38,94	0,52	
38,945	0,5	
38,95	0,48	
38,955	0,47	
38,96	0,46	
38,965	0,45	
38,97	0,44	
38,975	0,43	
38,98	0,41	
38,985	0,4	
38,99	0,38	
38,995	0,35	
39,0	0,33	
39,005	0,32	
39,01	0,31	
39,015	0,3	
39,02	0,28	
39,025	0,27	
39,03	0,25	
39,035	0,23	
39,04	0,2	
39,045	0,18	
39,05	0,17	
39,055	0,15	
39,06	0,14	
39,065	0,12	
39,07	0,1	
39,075	0,09	
39,08	0,06	
39,085	0,03	
39,09	0,01	
39,095	-0,01	
39,1	-0,02	
39,105	-0,03	
39,11	-0,05	
39,115	-0,07	
39,12	-0,09	
39,125	-0,11	
39,13	-0,14	
39,135	-0,15	
39,14	-0,17	
39,145	-0,19	
39,15	-0,2	
39,155	-0,22	
39,16	-0,23	
39,165	-0,25	
39,17	-0,26	
39,175	-0,29	
39,18	-0,31	
39,185	-0,33	
39,19	-0,35	
39,195	-0,36	
39,2	-0,37	
39,205	-0,38	
39,21	-0,39	
39,215	-0,41	
39,22	-0,43	
39,225	-0,45	
39,23	-0,47	
39,235	-0,48	
39,24	-0,49	
39,245	-0,5	
39,25	-0,51	
39,255	-0,52	
39,26	-0,53	
39,265	-0,54	
39,27	-0,56	
39,275	-0,57	
39,28	-0,58	
39,285	-0,6	
39,29	-0,61	
39,295	-0,62	
39,3	-0,63	
39,305	-0,63	
39,31	-0,64	
39,315	-0,64	
39,32	-0,65	
39,325	-0,66	
39,33	-0,67	
39,335	-0,67	
39,34	-0,68	
39,345	-0,69	
39,35	-0,69	
39,355	-0,69	
39,36	-0,69	
39,365	-0,69	
39,37	-0,7	
39,375	-0,7	
39,38	-0,71	
39,385	-0,71	
39,39	-0,71	
39,395	-0,71	
39,4	-0,71	
39,405	-0,71	
39,41	-0,71	
39,415	-0,7	
39,42	-0,7	
39,425	-0,69	
39,43	-0,69	
39,435	-0,69	
39,44	-0,69	
39,445	-0,68	
39,45	-0,68	
39,455	-0,67	
39,46	-0,67	
39,465	-0,66	
39,47	-0,65	
39,475	-0,64	
39,48	-0,64	
39,485	-0,63	
39,49	-0,62	
39,495	-0,61	
39,5	-0,6	
39,505	-0,59	
39,51	-0,58	
39,515	-0,57	
39,52	-0,56	
39,525	-0,55	
39,53	-0,53	
39,535	-0,52	
39,54	-0,5	
39,545	-0,49	
39,55	-0,48	
39,555	-0,47	
39,56	-0,46	
39,565	-0,45	
39,57	-0,43	
39,575	-0,41	
39,58	-0,4	
39,585	-0,37	
39,59	-0,35	
39,595	-0,34	
39,6	-0,32	
39,605	-0,31	
39,61	-0,3	
39,615	-0,28	
39,62	-0,27	
39,625	-0,25	
39,63	-0,22	
39,635	-0,2	
39,64	-0,18	
39,645	-0,16	
39,65	-0,14	
39,655	-0,13	
39,66	-0,12	
39,665	-0,1	
39,67	-0,09	
39,675	-0,06	
39,68	-0,05	
39,685	-0,02	
39,69	0	
39,695	0,02	
39,7	0,04	
39,705	0,06	
39,71	0,07	
39,715	0,08	
39,72	0,1	
39,725	0,12	
39,73	0,14	
39,735	0,16	
39,74	0,18	
39,745	0,21	
39,75	0,23	
39,755	0,24	
39,76	0,25	
39,765	0,27	
39,77	0,28	
39,775	0,29	
39,78	0,31	
39,785	0,33	
39,79	0,35	
39,795	0,38	
39,8	0,39	
39,805	0,41	
39,81	0,42	
39,815	0,43	
39,82	0,44	
39,825	0,45	
39,83	0,46	
39,835	0,48	
39,84	0,5	
39,845	0,52	
39,85	0,54	
39,855	0,55	
39,86	0,56	
39,865	0,56	
39,87	0,57	
39,875	0,57	
39,88	0,59	
39,885	0,6	
39,89	0,61	
39,895	0,63	
39,9	0,64	
39,905	0,65	
39,91	0,65	
39,915	0,66	
39,92	0,66	
39,925	0,67	
39,93	0,68	
39,935	0,68	
39,94	0,69	
39,945	0,69	
39,95	0,7	
39,955	0,7	
39,96	0,7	
39,965	0,7	
39,97	0,7	
39,975	0,71	
39,98	0,71	
39,985	0,71	
39,99	0,71	
39,995	0,71	
40,0	0,7	
40,005	0,7	
40,01	0,71	
40,015	0,7	
40,02	0,7	
40,025	0,7	
40,03	0,7	
40,035	0,69	
40,04	0,68	
40,045	0,68	
40,05	0,67	
40,055	0,66	
40,06	0,66	
40,065	0,66	
40,07	0,65	
40,075	0,65	
40,08	0,63	
40,085	0,62	
40,09	0,61	
40,095	0,59	
40,1	0,58	
40,105	0,58	
40,11	0,57	
40,115	0,56	
40,12	0,56	
40,125	0,55	
40,13	0,53	
40,135	0,51	
40,14	0,5	
40,145	0,48	
40,15	0,46	
40,155	0,45	
40,16	0,44	
40,165	0,43	
40,17	0,42	
40,175	0,4	
40,18	0,38	
40,185	0,37	
40,19	0,35	
40,195	0,33	
40,2	0,32	
40,205	0,3	
40,21	0,28	
40,215	0,26	
40,22	0,24	
40,225	0,23	
40,23	0,21	
40,235	0,2	
40,24	0,18	
40,245	0,16	
40,25	0,14	
40,255	0,12	
40,26	0,1	
40,265	0,08	
40,27	0,06	
40,275	0,05	
40,28	0,03	
40,285	0,02	
40,29	0	
40,295	-0,02	
40,3	-0,04	
40,305	-0,07	
40,31	-0,08	
40,315	-0,11	
40,32	-0,13	
40,325	-0,14	
40,33	-0,15	
40,335	-0,17	
40,34	-0,18	
40,345	-0,2	
40,35	-0,22	
40,355	-0,24	
40,36	-0,28	
40,365	-0,29	
40,37	-0,31	
40,375	-0,33	
40,38	-0,34	
40,385	-0,35	
40,39	-0,36	
40,395	-0,37	
40,4	-0,39	
40,405	-0,41	
40,41	-0,43	
40,415	-0,44	
40,42	-0,46	
40,425	-0,47	
40,43	-0,49	
40,435	-0,5	
40,44	-0,51	
40,445	-0,53	
40,45	-0,55	
40,455	-0,56	
40,46	-0,57	
40,465	-0,58	
40,47	-0,59	
40,475	-0,6	
40,48	-0,6	
40,485	-0,61	
40,49	-0,62	
40,495	-0,64	
40,5	-0,65	
40,505	-0,66	
40,51	-0,66	
40,515	-0,67	
40,52	-0,67	
40,525	-0,68	
40,53	-0,68	
40,535	-0,69	
40,54	-0,7	
40,545	-0,7	
40,55	-0,71	
40,555	-0,71	
40,56	-0,71	
40,565	-0,71	
40,57	-0,71	
40,575	-0,71	
40,58	-0,71	
40,585	-0,71	
40,59	-0,72	
40,595	-0,72	
40,6	-0,72	
40,605	-0,72	
40,61	-0,72	
40,615	-0,71	
40,62	-0,7	
40,625	-0,69	
40,63	-0,69	
40,635	-0,69	
40,64	-0,69	
40,645	-0,69	
40,65	-0,68	
40,655	-0,68	
40,66	-0,67	
40,665	-0,66	
40,67	-0,64	
40,675	-0,63	
40,68	-0,62	
40,685	-0,61	
40,69	-0,61	
40,695	-0,61	
40,7	-0,6	
40,705	-0,59	
40,71	-0,58	
40,715	-0,56	
40,72	-0,53	
40,725	-0,51	
40,73	-0,5	
40,735	-0,49	
40,74	0,7	
