t, ñ	wz	
7,0	0,58	
7,005	0,6	
7,01	0,61	
7,015	0,62	
7,02	0,62	
7,025	0,62	
7,03	0,64	
7,035	0,66	
7,04	0,69	
7,045	0,71	
7,05	0,73	
7,055	0,74	
7,06	0,74	
7,065	0,74	
7,07	0,73	
7,075	0,73	
7,08	0,74	
7,085	0,76	
7,09	0,79	
7,095	0,82	
7,1	0,83	
7,105	0,83	
7,11	0,82	
7,115	0,81	
7,12	0,79	
7,125	0,79	
7,13	0,8	
7,135	0,81	
7,14	0,84	
7,145	0,86	
7,15	0,87	
7,155	0,86	
7,16	0,85	
7,165	0,83	
7,17	0,8	
7,175	0,79	
7,18	0,79	
7,185	0,8	
7,19	0,82	
7,195	0,84	
7,2	0,85	
7,205	0,84	
7,21	0,82	
7,215	0,78	
7,22	0,75	
7,225	0,73	
7,23	0,73	
7,235	0,74	
7,24	0,76	
7,245	0,78	
7,25	0,78	
7,255	0,75	
7,26	0,72	
7,265	0,69	
7,27	0,65	
7,275	0,63	
7,28	0,63	
7,285	0,64	
7,29	0,65	
7,295	0,66	
7,3	0,65	
7,305	0,63	
7,31	0,59	
7,315	0,55	
7,32	0,52	
7,325	0,49	
7,33	0,48	
7,335	0,48	
7,34	0,49	
7,345	0,49	
7,35	0,47	
7,355	0,45	
7,36	0,41	
7,365	0,37	
7,37	0,34	
7,375	0,31	
7,38	0,3	
7,385	0,29	
7,39	0,29	
7,395	0,28	
7,4	0,26	
7,405	0,24	
7,41	0,2	
7,415	0,16	
7,42	0,13	
7,425	0,11	
7,43	0,1	
7,435	0,09	
7,44	0,08	
7,445	0,06	
7,45	0,04	
7,455	0,01	
7,46	-0,02	
7,465	-0,04	
7,47	-0,06	
7,475	-0,08	
7,48	-0,09	
7,485	-0,11	
7,49	-0,13	
7,495	-0,18	
7,5	-0,21	
7,505	-0,23	
7,51	-0,25	
7,515	-0,26	
7,52	-0,26	
7,525	-0,27	
7,53	-0,29	
7,535	-0,31	
7,54	-0,34	
7,545	-0,37	
7,55	-0,41	
7,555	-0,43	
7,56	-0,45	
7,565	-0,46	
7,57	-0,46	
7,575	-0,46	
7,58	-0,48	
7,585	-0,5	
7,59	-0,53	
7,595	-0,56	
7,6	-0,6	
7,605	-0,61	
7,61	-0,62	
7,615	-0,62	
7,62	-0,62	
7,625	-0,61	
7,63	-0,62	
7,635	-0,63	
7,64	-0,65	
7,645	-0,68	
7,65	-0,71	
7,655	-0,74	
7,66	-0,75	
7,665	-0,74	
7,67	-0,74	
7,675	-0,73	
7,68	-0,73	
7,685	-0,73	
7,69	-0,75	
7,695	-0,78	
7,7	-0,8	
7,705	-0,82	
7,71	-0,83	
7,715	-0,83	
7,72	-0,82	
7,725	-0,8	
7,73	-0,79	
7,735	-0,78	
7,74	-0,79	
7,745	-0,81	
7,75	-0,82	
7,755	-0,84	
7,76	-0,85	
7,765	-0,84	
7,77	-0,83	
7,775	-0,81	
7,78	-0,79	
7,785	-0,77	
7,79	-0,77	
7,795	-0,78	
7,8	-0,79	
7,805	-0,81	
7,81	-0,82	
7,815	-0,82	
7,82	-0,79	
7,825	-0,76	
7,83	-0,73	
7,835	-0,71	
7,84	-0,7	
7,845	-0,7	
7,85	-0,71	
7,855	-0,72	
7,86	-0,72	
7,865	-0,71	
7,87	-0,69	
7,875	-0,66	
7,88	-0,63	
7,885	-0,6	
7,89	-0,58	
7,895	-0,57	
7,9	-0,58	
7,905	-0,58	
7,91	-0,58	
7,915	-0,57	
7,92	-0,54	
7,925	-0,51	
7,93	-0,47	
7,935	-0,45	
7,94	-0,43	
7,945	-0,42	
7,95	-0,42	
7,955	-0,41	
7,96	-0,4	
7,965	-0,38	
7,97	-0,36	
7,975	-0,32	
7,98	-0,28	
7,985	-0,26	
7,99	-0,24	
7,995	-0,24	
8,0	-0,23	
8,005	-0,21	
8,01	-0,19	
8,015	-0,16	
8,02	-0,13	
8,025	-0,1	
8,03	-0,08	
8,035	-0,06	
8,04	-0,05	
8,045	-0,04	
8,05	-0,03	
8,055	-0,01	
8,06	0,03	
8,065	0,06	
8,07	0,1	
8,075	0,13	
8,08	0,14	
8,085	0,15	
8,09	0,16	
8,095	0,16	
8,1	0,18	
8,105	0,2	
8,11	0,23	
8,115	0,27	
8,12	0,31	
8,125	0,33	
8,13	0,35	
8,135	0,35	
8,14	0,35	
8,145	0,36	
8,15	0,37	
8,155	0,4	
8,16	0,44	
8,165	0,47	
8,17	0,51	
8,175	0,52	
8,18	0,53	
8,185	0,53	
8,19	0,53	
8,195	0,53	
8,2	0,54	
8,205	0,56	
8,21	0,59	
8,215	0,63	
8,22	0,65	
8,225	0,68	
8,23	0,68	
8,235	0,67	
8,24	0,67	
8,245	0,66	
8,25	0,67	
8,255	0,69	
8,26	0,72	
8,265	0,74	
8,27	0,76	
8,275	0,78	
8,28	0,78	
8,285	0,77	
8,29	0,76	
8,295	0,76	
8,3	0,76	
8,305	0,78	
8,31	0,8	
8,315	0,81	
8,32	0,83	
8,325	0,83	
8,33	0,82	
8,335	0,81	
8,34	0,81	
8,345	0,8	
8,35	0,8	
8,355	0,81	
8,36	0,82	
8,365	0,82	
8,37	0,82	
8,375	0,82	
8,38	0,81	
8,385	0,79	
8,39	0,79	
8,395	0,78	
8,4	0,78	
8,405	0,78	
8,41	0,78	
8,415	0,77	
8,42	0,76	
8,425	0,75	
8,43	0,74	
8,435	0,73	
8,44	0,72	
8,445	0,72	
8,45	0,71	
8,455	0,7	
8,46	0,7	
8,465	0,67	
8,47	0,65	
8,475	0,63	
8,48	0,61	
8,485	0,6	
8,49	0,59	
8,495	0,59	
8,5	0,59	
8,505	0,58	
8,51	0,56	
8,515	0,54	
8,52	0,51	
8,525	0,48	
8,53	0,46	
8,535	0,44	
8,54	0,43	
8,545	0,42	
8,55	0,42	
8,555	0,41	
8,56	0,39	
8,565	0,36	
8,57	0,33	
8,575	0,3	
8,58	0,27	
8,585	0,24	
8,59	0,23	
8,595	0,22	
8,6	0,22	
8,605	0,21	
8,61	0,2	
8,615	0,18	
8,62	0,15	
8,625	0,1	
8,63	0,06	
8,635	0,03	
8,64	0,01	
8,645	0	
8,65	0	
8,655	-0,01	
8,66	-0,01	
8,665	-0,03	
8,67	-0,06	
8,675	-0,1	
8,68	-0,14	
8,685	-0,18	
8,69	-0,21	
8,695	-0,23	
8,7	-0,23	
8,705	-0,23	
8,71	-0,23	
8,715	-0,24	
8,72	-0,27	
8,725	-0,3	
8,73	-0,35	
8,735	-0,38	
8,74	-0,41	
8,745	-0,42	
8,75	-0,42	
8,755	-0,42	
8,76	-0,42	
8,765	-0,42	
8,77	-0,44	
8,775	-0,47	
8,78	-0,51	
8,785	-0,54	
8,79	-0,59	
8,795	-0,6	
8,8	-0,59	
8,805	-0,59	
8,81	-0,58	
8,815	-0,58	
8,82	-0,6	
8,825	-0,62	
8,83	-0,65	
8,835	-0,68	
8,84	-0,7	
8,845	-0,72	
8,85	-0,72	
8,855	-0,71	
8,86	-0,71	
8,865	-0,71	
8,87	-0,72	
8,875	-0,74	
8,88	-0,76	
8,885	-0,78	
8,89	-0,79	
8,895	-0,79	
8,9	-0,79	
8,905	-0,79	
8,91	-0,78	
8,915	-0,78	
8,92	-0,79	
8,925	-0,79	
8,93	-0,8	
8,935	-0,8	
8,94	-0,8	
8,945	-0,8	
8,95	-0,8	
8,955	-0,8	
8,96	-0,8	
8,965	-0,8	
8,97	-0,8	
8,975	-0,8	
8,98	-0,8	
8,985	-0,79	
8,99	-0,78	
8,995	-0,76	
9,0	-0,76	
9,005	-0,76	
9,01	-0,76	
9,015	-0,76	
9,02	-0,76	
9,025	-0,76	
9,03	-0,73	
9,035	-0,7	
9,04	-0,68	
9,045	-0,67	
9,05	-0,66	
9,055	-0,66	
9,06	-0,66	
9,065	-0,67	
9,07	-0,66	
9,075	-0,65	
9,08	-0,62	
9,085	-0,6	
9,09	-0,57	
9,095	-0,54	
9,1	-0,52	
9,105	-0,52	
9,11	-0,52	
9,115	-0,52	
9,12	-0,52	
9,125	-0,5	
9,13	-0,47	
9,135	-0,44	
9,14	-0,4	
9,145	-0,37	
9,15	-0,35	
9,155	-0,34	
9,16	-0,34	
9,165	-0,34	
9,17	-0,33	
9,175	-0,32	
9,18	-0,29	
9,185	-0,26	
9,19	-0,23	
9,195	-0,18	
9,2	-0,16	
9,205	-0,14	
9,21	-0,13	
9,215	-0,13	
9,22	-0,12	
9,225	-0,1	
9,23	-0,08	
9,235	-0,05	
9,24	-0,02	
9,245	0,02	
9,25	0,04	
9,255	0,06	
9,26	0,08	
9,265	0,09	
9,27	0,09	
9,275	0,11	
9,28	0,13	
9,285	0,16	
9,29	0,19	
9,295	0,22	
9,3	0,24	
9,305	0,26	
9,31	0,28	
9,315	0,29	
9,32	0,3	
9,325	0,32	
9,33	0,34	
9,335	0,36	
9,34	0,38	
9,345	0,4	
9,35	0,42	
9,355	0,45	
9,36	0,46	
9,365	0,47	
9,37	0,49	
9,375	0,5	
9,38	0,52	
9,385	0,54	
9,39	0,55	
9,395	0,57	
9,4	0,58	
9,405	0,6	
9,41	0,61	
9,415	0,62	
9,42	0,63	
9,425	0,65	
9,43	0,66	
9,435	0,68	
9,44	0,69	
9,445	0,7	
9,45	0,7	
9,455	0,71	
9,46	0,72	
9,465	0,73	
9,47	0,74	
9,475	0,75	
9,48	0,77	
9,485	0,77	
9,49	0,78	
9,495	0,78	
9,5	0,78	
9,505	0,77	
9,51	0,77	
9,515	0,77	
9,52	0,78	
9,525	0,8	
9,53	0,81	
9,535	0,81	
9,54	0,82	
9,545	0,81	
9,55	0,8	
9,555	0,79	
9,56	0,77	
9,565	0,77	
9,57	0,77	
9,575	0,78	
9,58	0,79	
9,585	0,8	
9,59	0,8	
9,595	0,78	
9,6	0,76	
9,605	0,74	
9,61	0,72	
9,615	0,71	
9,62	0,71	
9,625	0,71	
9,63	0,72	
9,635	0,72	
9,64	0,72	
9,645	0,71	
9,65	0,68	
9,655	0,65	
9,66	0,63	
9,665	0,61	
9,67	0,59	
9,675	0,59	
9,68	0,6	
9,685	0,61	
9,69	0,6	
9,695	0,58	
9,7	0,56	
9,705	0,52	
9,71	0,49	
9,715	0,46	
9,72	0,45	
9,725	0,44	
9,73	0,44	
9,735	0,43	
9,74	0,43	
9,745	0,42	
9,75	0,39	
9,755	0,36	
9,76	0,31	
9,765	0,29	
9,77	0,27	
9,775	0,26	
9,78	0,25	
9,785	0,24	
9,79	0,23	
9,795	0,21	
9,8	0,19	
9,805	0,16	
9,81	0,13	
9,815	0,1	
9,82	0,08	
9,825	0,06	
9,83	0,05	
9,835	0,03	
9,84	0,01	
9,845	-0,01	
9,85	-0,03	
9,855	-0,06	
9,86	-0,08	
9,865	-0,1	
9,87	-0,12	
9,875	-0,14	
9,88	-0,17	
9,885	-0,19	
9,89	-0,21	
9,895	-0,23	
9,9	-0,24	
9,905	-0,26	
9,91	-0,27	
9,915	-0,29	
9,92	-0,32	
9,925	-0,34	
9,93	-0,36	
9,935	-0,39	
9,94	-0,41	
9,945	-0,43	
9,95	-0,44	
9,955	-0,45	
9,96	-0,46	
9,965	-0,47	
9,97	-0,48	
9,975	-0,5	
9,98	-0,52	
9,985	-0,55	
9,99	-0,57	
9,995	-0,59	
10,0	-0,61	
10,005	-0,62	
10,01	-0,61	
10,015	-0,62	
10,02	-0,62	
10,025	-0,63	
10,03	-0,65	
10,035	-0,68	
10,04	-0,7	
10,045	-0,72	
10,05	-0,73	
10,055	-0,74	
10,06	-0,73	
10,065	-0,73	
10,07	-0,72	
10,075	-0,72	
10,08	-0,74	
10,085	-0,76	
10,09	-0,77	
10,095	-0,79	
10,1	-0,8	
10,105	-0,8	
10,11	-0,8	
10,115	-0,79	
10,12	-0,77	
10,125	-0,77	
10,13	-0,77	
10,135	-0,78	
10,14	-0,79	
10,145	-0,8	
10,15	-0,81	
10,155	-0,81	
10,16	-0,81	
10,165	-0,79	
10,17	-0,77	
10,175	-0,76	
10,18	-0,75	
10,185	-0,75	
10,19	-0,75	
10,195	-0,76	
10,2	-0,77	
10,205	-0,77	
10,21	-0,76	
10,215	-0,74	
10,22	-0,72	
10,225	-0,7	
10,23	-0,68	
10,235	-0,67	
10,24	-0,67	
10,245	-0,67	
10,25	-0,67	
10,255	-0,66	
10,26	-0,65	
10,265	-0,63	
10,27	-0,61	
10,275	-0,59	
10,28	-0,57	
10,285	-0,56	
10,29	-0,54	
10,295	-0,54	
10,3	-0,53	
10,305	-0,52	
10,31	-0,51	
10,315	-0,49	
10,32	-0,46	
10,325	-0,43	
10,33	-0,41	
10,335	-0,39	
10,34	-0,38	
10,345	-0,36	
10,35	-0,35	
10,355	-0,34	
10,36	-0,32	
10,365	-0,29	
10,37	-0,27	
10,375	-0,25	
10,38	-0,23	
10,385	-0,21	
10,39	-0,19	
10,395	-0,18	
10,4	-0,16	
10,405	-0,13	
10,41	-0,1	
10,415	-0,08	
10,42	-0,06	
10,425	-0,04	
10,43	-0,03	
10,435	-0,01	
10,44	0,01	
10,445	0,03	
10,45	0,06	
10,455	0,08	
10,46	0,11	
10,465	0,13	
10,47	0,15	
10,475	0,16	
10,48	0,17	
10,485	0,19	
10,49	0,21	
10,495	0,23	
10,5	0,26	
10,505	0,29	
10,51	0,32	
10,515	0,34	
10,52	0,36	
10,525	0,37	
10,53	0,37	
10,535	0,38	
10,54	0,39	
10,545	0,41	
10,55	0,43	
10,555	0,46	
10,56	0,49	
10,565	0,53	
10,57	0,53	
10,575	0,54	
10,58	0,54	
10,585	0,54	
10,59	0,55	
10,595	0,57	
10,6	0,6	
10,605	0,63	
10,61	0,65	
10,615	0,67	
10,62	0,68	
10,625	0,68	
10,63	0,68	
10,635	0,68	
10,64	0,68	
10,645	0,68	
10,65	0,71	
10,655	0,73	
10,66	0,75	
10,665	0,76	
10,67	0,77	
10,675	0,77	
10,68	0,76	
10,685	0,76	
10,69	0,75	
10,695	0,76	
10,7	0,76	
10,705	0,78	
10,71	0,79	
10,715	0,8	
10,72	0,81	
10,725	0,81	
10,73	0,8	
10,735	0,79	
10,74	0,78	
10,745	0,78	
10,75	0,77	
10,755	0,77	
10,76	0,78	
10,765	0,79	
10,77	0,79	
10,775	0,79	
10,78	0,78	
10,785	0,77	
10,79	0,76	
10,795	0,75	
10,8	0,74	
10,805	0,72	
10,81	0,72	
10,815	0,71	
10,82	0,71	
10,825	0,71	
10,83	0,7	
10,835	0,69	
10,84	0,68	
10,845	0,66	
10,85	0,65	
10,855	0,63	
10,86	0,61	
10,865	0,6	
10,87	0,59	
10,875	0,58	
10,88	0,57	
10,885	0,56	
10,89	0,55	
10,895	0,53	
10,9	0,51	
10,905	0,49	
10,91	0,47	
10,915	0,45	
10,92	0,43	
10,925	0,41	
10,93	0,4	
10,935	0,39	
10,94	0,38	
10,945	0,37	
10,95	0,35	
10,955	0,33	
10,96	0,3	
10,965	0,28	
10,97	0,24	
10,975	0,22	
10,98	0,2	
10,985	0,19	
10,99	0,18	
10,995	0,17	
11,0	0,15	
11,005	0,13	
11,01	0,11	
11,015	0,08	
11,02	0,04	
11,025	0,01	
11,03	-0,01	
11,035	-0,03	
11,04	-0,04	
11,045	-0,04	
11,05	-0,06	
11,055	-0,08	
11,06	-0,1	
11,065	-0,13	
11,07	-0,17	
11,075	-0,2	
11,08	-0,22	
11,085	-0,24	
11,09	-0,25	
11,095	-0,25	
11,1	-0,26	
11,105	-0,27	
11,11	-0,29	
11,115	-0,32	
11,12	-0,35	
11,125	-0,39	
11,13	-0,41	
11,135	-0,44	
11,14	-0,44	
11,145	-0,45	
11,15	-0,45	
11,155	-0,45	
11,16	-0,47	
11,165	-0,49	
11,17	-0,52	
11,175	-0,55	
11,18	-0,58	
11,185	-0,59	
11,19	-0,6	
11,195	-0,6	
11,2	-0,6	
11,205	-0,61	
11,21	-0,62	
11,215	-0,64	
11,22	-0,66	
11,225	-0,68	
11,23	-0,7	
11,235	-0,71	
11,24	-0,72	
11,245	-0,73	
11,25	-0,73	
11,255	-0,73	
11,26	-0,73	
11,265	-0,74	
11,27	-0,75	
11,275	-0,76	
11,28	-0,77	
11,285	-0,78	
11,29	-0,78	
11,295	-0,78	
11,3	-0,78	
11,305	-0,78	
11,31	-0,78	
11,315	-0,78	
11,32	-0,79	
11,325	-0,79	
11,33	-0,79	
11,335	-0,79	
11,34	-0,79	
11,345	-0,79	
11,35	-0,79	
11,355	-0,79	
11,36	-0,79	
11,365	-0,79	
11,37	-0,78	
11,375	-0,77	
11,38	-0,76	
11,385	-0,75	
11,39	-0,75	
11,395	-0,74	
11,4	-0,73	
11,405	-0,73	
11,41	-0,73	
11,415	-0,72	
11,42	-0,71	
11,425	-0,7	
11,43	-0,68	
11,435	-0,67	
11,44	-0,65	
11,445	-0,65	
11,45	-0,64	
11,455	-0,63	
11,46	-0,63	
11,465	-0,61	
11,47	-0,6	
11,475	-0,57	
11,48	-0,55	
11,485	-0,53	
11,49	-0,51	
11,495	-0,5	
11,5	-0,48	
11,505	-0,48	
11,51	-0,47	
11,515	-0,46	
11,52	-0,44	
11,525	-0,42	
11,53	-0,4	
11,535	-0,36	
11,54	-0,33	
11,545	-0,32	
11,55	-0,3	
11,555	-0,29	
11,56	-0,28	
11,565	-0,27	
11,57	-0,25	
11,575	-0,23	
11,58	-0,2	
11,585	-0,17	
11,59	-0,14	
11,595	-0,12	
11,6	-0,1	
11,605	-0,08	
11,61	-0,07	
11,615	-0,06	
11,62	-0,04	
11,625	-0,02	
11,63	0,01	
11,635	0,04	
11,64	0,06	
11,645	0,09	
11,65	0,11	
11,655	0,12	
11,66	0,14	
11,665	0,15	
11,67	0,16	
11,675	0,18	
11,68	0,2	
11,685	0,23	
11,69	0,25	
11,695	0,28	
11,7	0,31	
11,705	0,33	
11,71	0,34	
11,715	0,35	
11,72	0,37	
11,725	0,38	
11,73	0,4	
11,735	0,42	
11,74	0,44	
11,745	0,46	
11,75	0,48	
11,755	0,5	
11,76	0,51	
11,765	0,52	
11,77	0,54	
11,775	0,55	
11,78	0,57	
11,785	0,59	
11,79	0,6	
11,795	0,62	
11,8	0,63	
11,805	0,65	
11,81	0,66	
11,815	0,67	
11,82	0,68	
11,825	0,69	
11,83	0,7	
11,835	0,71	
11,84	0,71	
11,845	0,72	
11,85	0,73	
11,855	0,74	
11,86	0,75	
11,865	0,76	
11,87	0,77	
11,875	0,77	
11,88	0,78	
11,885	0,78	
11,89	0,78	
11,895	0,78	
11,9	0,77	
11,905	0,77	
11,91	0,78	
11,915	0,79	
11,92	0,81	
11,925	0,81	
11,93	0,82	
11,935	0,81	
11,94	0,8	
11,945	0,78	
11,95	0,77	
11,955	0,77	
11,96	0,77	
11,965	0,77	
11,97	0,78	
11,975	0,79	
11,98	0,79	
11,985	0,78	
11,99	0,77	
11,995	0,74	
12,0	0,72	
12,005	0,71	
12,01	0,7	
12,015	0,7	
12,02	0,71	
12,025	0,7	
12,03	0,7	
12,035	0,69	
12,04	0,66	
12,045	0,64	
12,05	0,62	
12,055	0,6	
12,06	0,59	
12,065	0,58	
12,07	0,58	
12,075	0,58	
12,08	0,57	
12,085	0,56	
12,09	0,54	
12,095	0,5	
12,1	0,48	
12,105	0,44	
12,11	0,43	
12,115	0,42	
12,12	0,41	
12,125	0,41	
12,13	0,4	
12,135	0,38	
12,14	0,36	
12,145	0,33	
12,15	0,3	
12,155	0,28	
12,16	0,25	
12,165	0,23	
12,17	0,22	
12,175	0,2	
12,18	0,19	
12,185	0,17	
12,19	0,15	
12,195	0,13	
12,2	0,1	
12,205	0,08	
12,21	0,05	
12,215	0,03	
12,22	0,01	
12,225	-0,01	
12,23	-0,03	
12,235	-0,04	
12,24	-0,06	
12,245	-0,07	
12,25	-0,09	
12,255	-0,12	
12,26	-0,14	
12,265	-0,18	
12,27	-0,21	
12,275	-0,23	
12,28	-0,25	
12,285	-0,26	
12,29	-0,27	
12,295	-0,28	
12,3	-0,3	
12,305	-0,32	
12,31	-0,34	
12,315	-0,37	
12,32	-0,39	
12,325	-0,41	
12,33	-0,44	
12,335	-0,45	
12,34	-0,46	
12,345	-0,48	
12,35	-0,49	
12,355	-0,5	
12,36	-0,52	
12,365	-0,54	
12,37	-0,55	
12,375	-0,57	
12,38	-0,59	
12,385	-0,61	
12,39	-0,62	
12,395	-0,63	
12,4	-0,64	
12,405	-0,65	
12,41	-0,66	
12,415	-0,67	
12,42	-0,68	
12,425	-0,7	
12,43	-0,72	
12,435	-0,73	
12,44	-0,74	
12,445	-0,74	
12,45	-0,75	
12,455	-0,75	
12,46	-0,75	
12,465	-0,75	
12,47	-0,76	
12,475	-0,77	
12,48	-0,77	
12,485	-0,79	
12,49	-0,8	
12,495	-0,8	
12,5	-0,8	
12,505	-0,8	
12,51	-0,8	
12,515	-0,79	
12,52	-0,79	
12,525	-0,79	
12,53	-0,79	
12,535	-0,8	
12,54	-0,8	
12,545	-0,8	
12,55	-0,8	
12,555	-0,79	
12,56	-0,78	
12,565	-0,77	
12,57	-0,76	
12,575	-0,76	
12,58	-0,75	
12,585	-0,76	
12,59	-0,76	
12,595	-0,76	
12,6	-0,75	
12,605	-0,74	
12,61	-0,72	
12,615	-0,7	
12,62	-0,68	
12,625	-0,67	
12,63	-0,66	
12,635	-0,66	
12,64	-0,66	
12,645	-0,65	
12,65	-0,64	
12,655	-0,62	
12,66	-0,61	
12,665	-0,58	
12,67	-0,56	
12,675	-0,54	
12,68	-0,53	
12,685	-0,52	
12,69	-0,51	
12,695	-0,49	
12,7	-0,48	
12,705	-0,46	
12,71	-0,44	
12,715	-0,42	
12,72	-0,41	
12,725	-0,39	
12,73	-0,37	
12,735	-0,35	
12,74	-0,33	
12,745	-0,31	
12,75	-0,29	
12,755	-0,27	
12,76	-0,25	
12,765	-0,23	
12,77	-0,21	
12,775	-0,19	
12,78	-0,17	
12,785	-0,15	
12,79	-0,12	
12,795	-0,1	
12,8	-0,08	
12,805	-0,06	
12,81	-0,04	
12,815	-0,03	
12,82	-0,02	
12,825	0	
12,83	0,03	
12,835	0,06	
12,84	0,09	
12,845	0,11	
12,85	0,14	
12,855	0,15	
12,86	0,17	
12,865	0,19	
12,87	0,2	
12,875	0,22	
12,88	0,24	
12,885	0,26	
12,89	0,28	
12,895	0,31	
12,9	0,33	
12,905	0,36	
12,91	0,38	
12,915	0,4	
12,92	0,41	
12,925	0,42	
12,93	0,43	
12,935	0,45	
12,94	0,47	
12,945	0,49	
12,95	0,51	
12,955	0,54	
12,96	0,55	
12,965	0,57	
12,97	0,57	
12,975	0,58	
12,98	0,59	
12,985	0,6	
12,99	0,62	
12,995	0,64	
13,0	0,66	
13,005	0,67	
13,01	0,69	
13,015	0,7	
13,02	0,7	
13,025	0,71	
13,03	0,71	
13,035	0,72	
13,04	0,72	
13,045	0,74	
13,05	0,75	
13,055	0,77	
13,06	0,78	
13,065	0,78	
13,07	0,79	
13,075	0,79	
13,08	0,79	
13,085	0,79	
13,09	0,79	
13,095	0,79	
13,1	0,8	
13,105	0,8	
13,11	0,81	
13,115	0,82	
13,12	0,82	
13,125	0,82	
13,13	0,81	
13,135	0,8	
13,14	0,79	
13,145	0,79	
13,15	0,79	
13,155	0,79	
13,16	0,79	
13,165	0,8	
13,17	0,79	
13,175	0,79	
13,18	0,78	
13,185	0,76	
13,19	0,74	
13,195	0,73	
13,2	0,72	
13,205	0,72	
13,21	0,72	
13,215	0,71	
13,22	0,71	
13,225	0,7	
13,23	0,68	
13,235	0,66	
13,24	0,64	
13,245	0,63	
13,25	0,61	
13,255	0,6	
13,26	0,59	
13,265	0,58	
13,27	0,57	
13,275	0,56	
13,28	0,55	
13,285	0,53	
13,29	0,51	
13,295	0,49	
13,3	0,47	
13,305	0,45	
13,31	0,43	
13,315	0,4	
13,32	0,39	
13,325	0,38	
13,33	0,36	
13,335	0,35	
13,34	0,33	
13,345	0,31	
13,35	0,29	
13,355	0,26	
13,36	0,23	
13,365	0,21	
13,37	0,19	
13,375	0,18	
13,38	0,17	
13,385	0,16	
13,39	0,14	
13,395	0,11	
13,4	0,09	
13,405	0,06	
13,41	0,02	
13,415	0	
13,42	-0,03	
13,425	-0,04	
13,43	-0,06	
13,435	-0,07	
13,44	-0,08	
13,445	-0,1	
13,45	-0,12	
13,455	-0,15	
13,46	-0,18	
13,465	-0,21	
13,47	-0,24	
13,475	-0,26	
13,48	-0,27	
13,485	-0,28	
13,49	-0,29	
13,495	-0,31	
13,5	-0,32	
13,505	-0,35	
13,51	-0,38	
13,515	-0,41	
13,52	-0,44	
13,525	-0,46	
13,53	-0,47	
13,535	-0,47	
13,54	-0,47	
13,545	-0,48	
13,55	-0,49	
13,555	-0,52	
13,56	-0,55	
13,565	-0,58	
13,57	-0,6	
13,575	-0,61	
13,58	-0,62	
13,585	-0,62	
13,59	-0,63	
13,595	-0,64	
13,6	-0,65	
13,605	-0,66	
13,61	-0,68	
13,615	-0,7	
13,62	-0,72	
13,625	-0,73	
13,63	-0,74	
13,635	-0,74	
13,64	-0,74	
13,645	-0,74	
13,65	-0,75	
13,655	-0,76	
13,66	-0,77	
13,665	-0,78	
13,67	-0,79	
13,675	-0,8	
13,68	-0,8	
13,685	-0,81	
13,69	-0,81	
13,695	-0,81	
13,7	-0,81	
13,705	-0,81	
13,71	-0,81	
13,715	-0,81	
13,72	-0,81	
13,725	-0,82	
13,73	-0,81	
13,735	-0,82	
13,74	-0,81	
13,745	-0,81	
13,75	-0,8	
13,755	-0,79	
13,76	-0,79	
13,765	-0,78	
13,77	-0,78	
13,775	-0,77	
13,78	-0,77	
13,785	-0,76	
13,79	-0,76	
13,795	-0,75	
13,8	-0,73	
13,805	-0,72	
13,81	-0,71	
13,815	-0,7	
13,82	-0,69	
13,825	-0,68	
13,83	-0,67	
13,835	-0,66	
13,84	-0,65	
13,845	-0,64	
13,85	-0,62	
13,855	-0,61	
13,86	-0,6	
13,865	-0,58	
13,87	-0,56	
13,875	-0,55	
13,88	-0,52	
13,885	-0,51	
13,89	-0,49	
13,895	-0,48	
13,9	-0,46	
13,905	-0,45	
13,91	-0,43	
13,915	-0,42	
13,92	-0,39	
13,925	-0,37	
13,93	-0,35	
13,935	-0,33	
13,94	-0,31	
13,945	-0,29	
13,95	-0,28	
13,955	-0,27	
13,96	-0,24	
13,965	-0,22	
13,97	-0,2	
13,975	-0,17	
13,98	-0,14	
13,985	-0,12	
13,99	-0,1	
13,995	-0,08	
14,0	-0,06	
14,005	-0,05	
14,01	-0,04	
14,015	-0,02	
14,02	0	
14,025	0,03	
14,03	0,06	
14,035	0,09	
14,04	0,11	
14,045	0,14	
14,05	0,16	
14,055	0,17	
14,06	0,19	
14,065	0,2	
14,07	0,22	
14,075	0,24	
14,08	0,27	
14,085	0,29	
14,09	0,32	
14,095	0,34	
14,1	0,35	
14,105	0,37	
14,11	0,38	
14,115	0,4	
14,12	0,41	
14,125	0,45	
14,13	0,47	
14,135	0,49	
14,14	0,51	
14,145	0,52	
14,15	0,53	
14,155	0,55	
14,16	0,56	
14,165	0,57	
14,17	0,59	
14,175	0,6	
14,18	0,62	
14,185	0,63	
14,19	0,64	
14,195	0,65	
14,2	0,67	
14,205	0,69	
14,21	0,7	
14,215	0,71	
14,22	0,72	
14,225	0,73	
14,23	0,74	
14,235	0,75	
14,24	0,75	
14,245	0,76	
14,25	0,76	
14,255	0,77	
14,26	0,78	
14,265	0,8	
14,27	0,8	
14,275	0,81	
14,28	0,81	
14,285	0,8	
14,29	0,8	
14,295	0,8	
14,3	0,8	
14,305	0,81	
14,31	0,82	
14,315	0,83	
14,32	0,83	
14,325	0,83	
14,33	0,82	
14,335	0,81	
14,34	0,79	
14,345	0,79	
14,35	0,79	
14,355	0,79	
14,36	0,8	
14,365	0,8	
14,37	0,8	
14,375	0,79	
14,38	0,77	
14,385	0,76	
14,39	0,74	
14,395	0,73	
14,4	0,72	
14,405	0,72	
14,41	0,72	
14,415	0,72	
14,42	0,71	
14,425	0,7	
14,43	0,68	
14,435	0,66	
14,44	0,64	
14,445	0,62	
14,45	0,6	
14,455	0,6	
14,46	0,59	
14,465	0,59	
14,47	0,57	
14,475	0,56	
14,48	0,54	
14,485	0,51	
14,49	0,49	
14,495	0,46	
14,5	0,44	
14,505	0,43	
14,51	0,42	
14,515	0,4	
14,52	0,4	
14,525	0,38	
14,53	0,36	
14,535	0,33	
14,54	0,31	
14,545	0,28	
14,55	0,26	
14,555	0,24	
14,56	0,22	
14,565	0,21	
14,57	0,19	
14,575	0,18	
14,58	0,16	
14,585	0,14	
14,59	0,11	
14,595	0,09	
14,6	0,06	
14,605	0,04	
14,61	0	
14,615	-0,02	
14,62	-0,03	
14,625	-0,05	
14,63	-0,06	
14,635	-0,08	
14,64	-0,1	
14,645	-0,13	
14,65	-0,15	
14,655	-0,18	
14,66	-0,2	
14,665	-0,23	
14,67	-0,24	
14,675	-0,26	
14,68	-0,27	
14,685	-0,28	
14,69	-0,31	
14,695	-0,34	
14,7	-0,36	
14,705	-0,39	
14,71	-0,41	
14,715	-0,43	
14,72	-0,44	
14,725	-0,46	
14,73	-0,47	
14,735	-0,48	
14,74	-0,49	
14,745	-0,51	
14,75	-0,53	
14,755	-0,56	
14,76	-0,58	
14,765	-0,59	
14,77	-0,61	
14,775	-0,62	
14,78	-0,62	
14,785	-0,64	
14,79	-0,65	
14,795	-0,66	
14,8	-0,68	
14,805	-0,69	
14,81	-0,7	
14,815	-0,72	
14,82	-0,73	
14,825	-0,74	
14,83	-0,75	
14,835	-0,76	
14,84	-0,76	
14,845	-0,77	
14,85	-0,77	
14,855	-0,78	
14,86	-0,78	
14,865	-0,79	
14,87	-0,8	
14,875	-0,81	
14,88	-0,81	
14,885	-0,81	
14,89	-0,82	
14,895	-0,82	
14,9	-0,82	
14,905	-0,81	
14,91	-0,81	
14,915	-0,81	
14,92	-0,81	
14,925	-0,82	
14,93	-0,82	
14,935	-0,82	
14,94	-0,82	
14,945	-0,81	
14,95	-0,8	
14,955	-0,79	
14,96	-0,78	
14,965	-0,78	
14,97	-0,78	
14,975	-0,78	
14,98	-0,78	
14,985	-0,77	
14,99	-0,77	
14,995	-0,76	
15,0	-0,74	
15,005	-0,73	
15,01	-0,71	
15,015	-0,69	
15,02	-0,68	
15,025	-0,68	
15,03	-0,67	
15,035	-0,67	
15,04	-0,65	
15,045	-0,64	
15,05	-0,62	
15,055	-0,6	
15,06	-0,58	
15,065	-0,57	
15,07	-0,56	
15,075	-0,54	
15,08	-0,53	
15,085	-0,52	
15,09	-0,5	
15,095	-0,47	
15,1	-0,45	
15,105	-0,43	
15,11	-0,41	
15,115	-0,4	
15,12	-0,38	
15,125	-0,36	
15,13	-0,35	
15,135	-0,33	
15,14	-0,31	
15,145	-0,29	
15,15	-0,27	
15,155	-0,25	
15,16	-0,23	
15,165	-0,21	
15,17	-0,19	
15,175	-0,16	
15,18	-0,14	
15,185	-0,12	
15,19	-0,1	
15,195	-0,07	
15,2	-0,05	
15,205	-0,04	
15,21	-0,01	
15,215	0,01	
15,22	0,03	
15,225	0,05	
15,23	0,07	
15,235	0,1	
15,24	0,12	
15,245	0,14	
15,25	0,16	
15,255	0,19	
15,26	0,2	
15,265	0,22	
15,27	0,24	
15,275	0,26	
15,28	0,29	
15,285	0,31	
15,29	0,33	
15,295	0,35	
15,3	0,37	
15,305	0,39	
15,31	0,4	
15,315	0,41	
15,32	0,43	
15,325	0,45	
15,33	0,48	
15,335	0,51	
15,34	0,52	
15,345	0,54	
15,35	0,55	
15,355	0,56	
15,36	0,57	
15,365	0,58	
15,37	0,6	
15,375	0,61	
15,38	0,63	
15,385	0,64	
15,39	0,66	
15,395	0,67	
15,4	0,68	
15,405	0,7	
15,41	0,7	
15,415	0,72	
15,42	0,72	
15,425	0,73	
15,43	0,74	
15,435	0,75	
15,44	0,76	
15,445	0,77	
15,45	0,78	
15,455	0,79	
15,46	0,79	
15,465	0,8	
15,47	0,8	
15,475	0,8	
15,48	0,8	
15,485	0,8	
15,49	0,81	
15,495	0,81	
15,5	0,82	
15,505	0,83	
15,51	0,83	
15,515	0,83	
15,52	0,82	
15,525	0,82	
15,53	0,81	
15,535	0,8	
15,54	0,8	
15,545	0,8	
15,55	0,8	
15,555	0,81	
15,56	0,81	
15,565	0,8	
15,57	0,79	
15,575	0,78	
15,58	0,76	
15,585	0,75	
15,59	0,74	
15,595	0,74	
15,6	0,73	
15,605	0,73	
15,61	0,72	
15,615	0,71	
15,62	0,7	
15,625	0,69	
15,63	0,67	
15,635	0,65	
15,64	0,63	
15,645	0,62	
15,65	0,61	
15,655	0,6	
15,66	0,58	
15,665	0,57	
15,67	0,55	
15,675	0,53	
15,68	0,51	
15,685	0,5	
15,69	0,48	
15,695	0,46	
15,7	0,45	
15,705	0,44	
15,71	0,42	
15,715	0,4	
15,72	0,38	
15,725	0,36	
15,73	0,34	
15,735	0,32	
15,74	0,29	
15,745	0,27	
15,75	0,25	
15,755	0,23	
15,76	0,21	
15,765	0,2	
15,77	0,18	
15,775	0,16	
15,78	0,14	
15,785	0,12	
15,79	0,1	
15,795	0,07	
15,8	0,05	
15,805	0,02	
15,81	0	
15,815	-0,02	
15,82	-0,04	
15,825	-0,05	
15,83	-0,07	
15,835	-0,09	
15,84	-0,11	
15,845	-0,14	
15,85	-0,17	
15,855	-0,2	
15,86	-0,22	
15,865	-0,24	
15,87	-0,25	
15,875	-0,27	
15,88	-0,27	
15,885	-0,29	
15,89	-0,31	
15,895	-0,33	
15,9	-0,37	
15,905	-0,4	
15,91	-0,43	
15,915	-0,44	
15,92	-0,45	
15,925	-0,46	
15,93	-0,47	
15,935	-0,48	
15,94	-0,5	
15,945	-0,52	
15,95	-0,54	
15,955	-0,57	
15,96	-0,59	
15,965	-0,6	
15,97	-0,61	
15,975	-0,61	
15,98	-0,62	
15,985	-0,64	
15,99	-0,65	
15,995	-0,67	
16,0	-0,69	
16,005	-0,71	
16,01	-0,72	
16,015	-0,73	
16,02	-0,74	
16,025	-0,74	
16,03	-0,74	
16,035	-0,75	
16,04	-0,75	
16,045	-0,76	
16,05	-0,77	
16,055	-0,78	
16,06	-0,79	
16,065	-0,8	
16,07	-0,8	
16,075	-0,81	
16,08	-0,81	
16,085	-0,81	
16,09	-0,81	
16,095	-0,81	
16,1	-0,81	
16,105	-0,81	
16,11	-0,81	
16,115	-0,82	
16,12	-0,82	
16,125	-0,82	
16,13	-0,82	
16,135	-0,82	
16,14	-0,81	
16,145	-0,8	
16,15	-0,79	
16,155	-0,79	
16,16	-0,79	
16,165	-0,79	
16,17	-0,79	
16,175	-0,78	
16,18	-0,78	
16,185	-0,77	
16,19	-0,76	
16,195	-0,74	
16,2	-0,73	
16,205	-0,71	
16,21	-0,7	
16,215	-0,69	
16,22	-0,69	
16,225	-0,68	
16,23	-0,67	
16,235	-0,66	
16,24	-0,64	
16,245	-0,62	
16,25	-0,61	
16,255	-0,59	
16,26	-0,58	
16,265	-0,56	
16,27	-0,55	
16,275	-0,54	
16,28	-0,52	
16,285	-0,51	
16,29	-0,49	
16,295	-0,47	
16,3	-0,45	
16,305	-0,43	
16,31	-0,41	
16,315	-0,39	
16,32	-0,37	
16,325	-0,35	
16,33	-0,33	
16,335	-0,32	
16,34	-0,3	
16,345	-0,28	
16,35	-0,26	
16,355	-0,24	
16,36	-0,22	
16,365	-0,2	
16,37	-0,18	
16,375	-0,15	
16,38	-0,13	
16,385	-0,1	
16,39	-0,08	
16,395	-0,06	
16,4	-0,04	
16,405	-0,03	
16,41	0	
16,415	0,02	
16,42	0,05	
16,425	0,07	
16,43	0,09	
16,435	0,11	
16,44	0,13	
16,445	0,14	
16,45	0,16	
16,455	0,17	
16,46	0,2	
16,465	0,22	
16,47	0,26	
16,475	0,28	
16,48	0,3	
16,485	0,32	
16,49	0,34	
16,495	0,35	
16,5	0,37	
16,505	0,38	
16,51	0,4	
16,515	0,42	
16,52	0,44	
16,525	0,46	
16,53	0,48	
16,535	0,5	
16,54	0,51	
16,545	0,53	
16,55	0,54	
16,555	0,56	
16,56	0,57	
16,565	0,59	
16,57	0,61	
16,575	0,63	
16,58	0,64	
16,585	0,65	
16,59	0,66	
16,595	0,67	
16,6	0,68	
16,605	0,69	
16,61	0,7	
16,615	0,71	
16,62	0,73	
16,625	0,74	
16,63	0,75	
16,635	0,76	
16,64	0,76	
16,645	0,77	
16,65	0,78	
16,655	0,78	
16,66	0,79	
16,665	0,79	
16,67	0,8	
16,675	0,8	
16,68	0,8	
16,685	0,8	
16,69	0,81	
16,695	0,81	
16,7	0,82	
16,705	0,82	
16,71	0,82	
16,715	0,82	
16,72	0,82	
16,725	0,81	
16,73	0,8	
16,735	0,8	
16,74	0,8	
16,745	0,8	
16,75	0,8	
16,755	0,8	
16,76	0,8	
16,765	0,79	
16,77	0,78	
16,775	0,77	
16,78	0,75	
16,785	0,75	
16,79	0,73	
16,795	0,73	
16,8	0,73	
16,805	0,72	
16,81	0,72	
16,815	0,7	
16,82	0,69	
16,825	0,67	
16,83	0,65	
16,835	0,63	
16,84	0,62	
16,845	0,61	
16,85	0,6	
16,855	0,6	
16,86	0,59	
16,865	0,57	
16,87	0,54	
16,875	0,52	
16,88	0,5	
16,885	0,48	
16,89	0,46	
16,895	0,45	
16,9	0,44	
16,905	0,43	
16,91	0,41	
16,915	0,39	
16,92	0,37	
16,925	0,35	
16,93	0,33	
16,935	0,31	
16,94	0,29	
16,945	0,27	
16,95	0,25	
16,955	0,22	
16,96	0,21	
16,965	0,19	
16,97	0,17	
16,975	0,15	
16,98	0,13	
16,985	0,1	
16,99	0,08	
16,995	0,05	
17,0	0,03	
17,005	0,01	
17,01	-0,01	
17,015	-0,02	
17,02	-0,04	
17,025	-0,05	
17,03	-0,07	
17,035	-0,11	
17,04	-0,13	
17,045	-0,16	
17,05	-0,19	
17,055	-0,21	
17,06	-0,23	
17,065	-0,24	
17,07	-0,25	
17,075	-0,27	
17,08	-0,29	
17,085	-0,31	
17,09	-0,33	
17,095	-0,36	
17,1	-0,38	
17,105	-0,4	
17,11	-0,42	
17,115	-0,43	
17,12	-0,44	
17,125	-0,45	
17,13	-0,47	
17,135	-0,49	
17,14	-0,51	
17,145	-0,54	
17,15	-0,56	
17,155	-0,58	
17,16	-0,59	
17,165	-0,6	
17,17	-0,6	
17,175	-0,61	
17,18	-0,62	
17,185	-0,64	
17,19	-0,65	
17,195	-0,68	
17,2	-0,69	
17,205	-0,7	
17,21	-0,71	
17,215	-0,72	
17,22	-0,73	
17,225	-0,73	
17,23	-0,74	
17,235	-0,75	
17,24	-0,75	
17,245	-0,76	
17,25	-0,77	
17,255	-0,77	
17,26	-0,78	
17,265	-0,79	
17,27	-0,8	
17,275	-0,8	
17,28	-0,8	
17,285	-0,81	
17,29	-0,81	
17,295	-0,8	
17,3	-0,8	
17,305	-0,8	
17,31	-0,8	
17,315	-0,81	
17,32	-0,81	
17,325	-0,82	
17,33	-0,81	
17,335	-0,81	
17,34	-0,8	
17,345	-0,79	
17,35	-0,78	
17,355	-0,77	
17,36	-0,77	
17,365	-0,77	
17,37	-0,77	
17,375	-0,77	
17,38	-0,76	
17,385	-0,75	
17,39	-0,74	
17,395	-0,72	
17,4	-0,7	
17,405	-0,69	
17,41	-0,68	
17,415	-0,68	
17,42	-0,67	
17,425	-0,67	
17,43	-0,66	
17,435	-0,65	
17,44	-0,62	
17,445	-0,6	
17,45	-0,58	
17,455	-0,57	
17,46	-0,56	
17,465	-0,55	
17,47	-0,54	
17,475	-0,53	
17,48	-0,51	
17,485	-0,49	
17,49	-0,47	
17,495	-0,45	
17,5	-0,43	
17,505	-0,42	
17,51	-0,4	
17,515	-0,38	
17,52	-0,36	
17,525	-0,34	
17,53	-0,32	
17,535	-0,3	
17,54	-0,28	
17,545	-0,26	
17,55	-0,24	
17,555	-0,22	
17,56	-0,2	
17,565	-0,18	
17,57	-0,16	
17,575	-0,13	
17,58	-0,11	
17,585	-0,1	
17,59	-0,08	
17,595	-0,06	
17,6	-0,03	
17,605	-0,01	
17,61	0,01	
17,615	0,03	
17,62	0,05	
17,625	0,07	
17,63	0,1	
17,635	0,11	
17,64	0,13	
17,645	0,15	
17,65	0,17	
17,655	0,19	
17,66	0,21	
17,665	0,23	
17,67	0,26	
17,675	0,28	
17,68	0,31	
17,685	0,32	
17,69	0,34	
17,695	0,35	
17,7	0,37	
17,705	0,39	
17,71	0,41	
17,715	0,43	
17,72	0,45	
17,725	0,47	
17,73	0,49	
17,735	0,5	
17,74	0,51	
17,745	0,53	
17,75	0,54	
17,755	0,55	
17,76	0,58	
17,765	0,59	
17,77	0,61	
17,775	0,62	
17,78	0,64	
17,785	0,65	
17,79	0,66	
17,795	0,67	
17,8	0,68	
17,805	0,69	
17,81	0,69	
17,815	0,7	
17,82	0,72	
17,825	0,72	
17,83	0,74	
17,835	0,75	
17,84	0,76	
17,845	0,76	
17,85	0,77	
17,855	0,77	
17,86	0,78	
17,865	0,78	
17,87	0,78	
17,875	0,78	
17,88	0,79	
17,885	0,8	
17,89	0,8	
17,895	0,81	
17,9	0,81	
17,905	0,81	
17,91	0,81	
17,915	0,8	
17,92	0,79	
17,925	0,79	
17,93	0,79	
17,935	0,79	
17,94	0,79	
17,945	0,79	
17,95	0,79	
17,955	0,78	
17,96	0,78	
17,965	0,76	
17,97	0,75	
17,975	0,74	
17,98	0,73	
17,985	0,72	
17,99	0,72	
17,995	0,72	
18,0	0,72	
18,005	0,7	
18,01	0,69	
18,015	0,67	
18,02	0,65	
18,025	0,63	
18,03	0,63	
18,035	0,62	
18,04	0,61	
18,045	0,6	
18,05	0,59	
18,055	0,58	
18,06	0,56	
18,065	0,54	
18,07	0,52	
18,075	0,5	
18,08	0,48	
18,085	0,46	
18,09	0,45	
18,095	0,44	
18,1	0,43	
18,105	0,41	
18,11	0,39	
18,115	0,37	
18,12	0,35	
18,125	0,33	
18,13	0,31	
18,135	0,29	
18,14	0,27	
18,145	0,25	
18,15	0,23	
18,155	0,21	
18,16	0,19	
18,165	0,17	
18,17	0,15	
18,175	0,13	
18,18	0,11	
18,185	0,08	
18,19	0,06	
18,195	0,04	
18,2	0,02	
18,205	0	
18,21	-0,02	
18,215	-0,03	
18,22	-0,05	
18,225	-0,07	
18,23	-0,09	
18,235	-0,12	
18,24	-0,14	
18,245	-0,18	
18,25	-0,21	
18,255	-0,22	
18,26	-0,24	
18,265	-0,25	
18,27	-0,26	
18,275	-0,28	
18,28	-0,3	
18,285	-0,32	
18,29	-0,35	
18,295	-0,37	
18,3	-0,39	
18,305	-0,41	
18,31	-0,42	
18,315	-0,43	
18,32	-0,45	
18,325	-0,47	
18,33	-0,48	
18,335	-0,51	
18,34	-0,53	
18,345	-0,55	
18,35	-0,57	
18,355	-0,58	
18,36	-0,59	
18,365	-0,59	
18,37	-0,6	
18,375	-0,61	
18,38	-0,62	
18,385	-0,63	
18,39	-0,65	
18,395	-0,66	
18,4	-0,68	
18,405	-0,69	
18,41	-0,71	
18,415	-0,71	
18,42	-0,72	
18,425	-0,73	
18,43	-0,73	
18,435	-0,73	
18,44	-0,74	
18,445	-0,75	
18,45	-0,76	
18,455	-0,77	
18,46	-0,78	
18,465	-0,79	
18,47	-0,79	
18,475	-0,79	
18,48	-0,79	
18,485	-0,78	
18,49	-0,78	
18,495	-0,78	
18,5	-0,79	
18,505	-0,8	
18,51	-0,8	
18,515	-0,8	
18,52	-0,8	
18,525	-0,8	
18,53	-0,79	
18,535	-0,78	
18,54	-0,77	
18,545	-0,76	
18,55	-0,76	
18,555	-0,76	
18,56	-0,76	
18,565	-0,76	
18,57	-0,75	
18,575	-0,74	
18,58	-0,73	
18,585	-0,72	
18,59	-0,7	
18,595	-0,69	
18,6	-0,68	
18,605	-0,68	
18,61	-0,67	
18,615	-0,67	
18,62	-0,66	
18,625	-0,65	
18,63	-0,63	
18,635	-0,62	
18,64	-0,6	
18,645	-0,58	
18,65	-0,56	
18,655	-0,55	
18,66	-0,54	
18,665	-0,53	
18,67	-0,51	
18,675	-0,49	
18,68	-0,48	
18,685	-0,46	
18,69	-0,44	
18,695	-0,42	
18,7	-0,4	
18,705	-0,39	
18,71	-0,37	
18,715	-0,35	
18,72	-0,34	
18,725	-0,32	
18,73	-0,29	
18,735	-0,27	
18,74	-0,25	
18,745	-0,24	
18,75	-0,22	
18,755	-0,2	
18,76	-0,18	
18,765	-0,16	
18,77	-0,13	
18,775	-0,11	
18,78	-0,09	
18,785	-0,07	
18,79	-0,06	
18,795	-0,04	
18,8	-0,02	
18,805	0	
18,81	0,04	
18,815	0,06	
18,82	0,08	
18,825	0,1	
18,83	0,12	
18,835	0,13	
18,84	0,15	
18,845	0,17	
18,85	0,19	
18,855	0,21	
18,86	0,23	
18,865	0,25	
18,87	0,28	
18,875	0,3	
18,88	0,31	
18,885	0,33	
18,89	0,34	
18,895	0,36	
18,9	0,38	
18,905	0,4	
18,91	0,42	
18,915	0,44	
18,92	0,46	
18,925	0,48	
18,93	0,5	
18,935	0,51	
18,94	0,51	
18,945	0,52	
18,95	0,54	
18,955	0,55	
18,96	0,57	
18,965	0,58	
18,97	0,61	
18,975	0,63	
18,98	0,64	
18,985	0,65	
18,99	0,66	
18,995	0,66	
19,0	0,67	
19,005	0,68	
19,01	0,69	
19,015	0,7	
19,02	0,71	
19,025	0,73	
19,03	0,74	
19,035	0,74	
19,04	0,75	
19,045	0,75	
19,05	0,75	
19,055	0,76	
19,06	0,76	
19,065	0,77	
19,07	0,77	
19,075	0,78	
19,08	0,78	
19,085	0,79	
19,09	0,79	
19,095	0,79	
19,1	0,79	
19,105	0,79	
19,11	0,78	
19,115	0,78	
19,12	0,77	
19,125	0,77	
19,13	0,77	
19,135	0,77	
19,14	0,77	
19,145	0,77	
19,15	0,77	
19,155	0,76	
19,16	0,74	
19,165	0,73	
19,17	0,72	
19,175	0,71	
19,18	0,71	
19,185	0,7	
19,19	0,7	
19,195	0,7	
19,2	0,69	
19,205	0,68	
19,21	0,66	
19,215	0,64	
19,22	0,62	
19,225	0,61	
19,23	0,6	
19,235	0,59	
19,24	0,58	
19,245	0,58	
19,25	0,56	
19,255	0,55	
19,26	0,53	
19,265	0,51	
19,27	0,49	
19,275	0,47	
19,28	0,45	
19,285	0,44	
19,29	0,42	
19,295	0,41	
19,3	0,39	
19,305	0,38	
19,31	0,36	
19,315	0,34	
19,32	0,32	
19,325	0,29	
19,33	0,27	
19,335	0,25	
19,34	0,23	
19,345	0,22	
19,35	0,2	
19,355	0,19	
19,36	0,17	
19,365	0,15	
19,37	0,13	
19,375	0,11	
19,38	0,07	
19,385	0,05	
19,39	0,03	
19,395	0,01	
19,4	-0,01	
19,405	-0,02	
19,41	-0,03	
19,415	-0,05	
19,42	-0,07	
19,425	-0,09	
19,43	-0,12	
19,435	-0,15	
19,44	-0,17	
19,445	-0,19	
19,45	-0,21	
19,455	-0,22	
19,46	-0,24	
19,465	-0,25	
19,47	-0,27	
19,475	-0,29	
19,48	-0,32	
19,485	-0,35	
19,49	-0,37	
19,495	-0,39	
19,5	-0,4	
19,505	-0,41	
19,51	-0,42	
19,515	-0,43	
19,52	-0,44	
19,525	-0,46	
19,53	-0,48	
19,535	-0,5	
19,54	-0,54	
19,545	-0,55	
19,55	-0,56	
19,555	-0,57	
19,56	-0,58	
19,565	-0,59	
19,57	-0,59	
19,575	-0,61	
19,58	-0,62	
19,585	-0,64	
19,59	-0,65	
19,595	-0,67	
19,6	-0,68	
19,605	-0,69	
19,61	-0,69	
19,615	-0,7	
19,62	-0,71	
19,625	-0,72	
19,63	-0,73	
19,635	-0,73	
19,64	-0,74	
19,645	-0,74	
19,65	-0,75	
19,655	-0,75	
19,66	-0,76	
19,665	-0,77	
19,67	-0,77	
19,675	-0,77	
19,68	-0,77	
19,685	-0,77	
19,69	-0,77	
19,695	-0,77	
19,7	-0,77	
19,705	-0,78	
19,71	-0,78	
19,715	-0,78	
19,72	-0,78	
19,725	-0,77	
19,73	-0,76	
19,735	-0,75	
19,74	-0,75	
19,745	-0,74	
19,75	-0,74	
19,755	-0,74	
19,76	-0,74	
19,765	-0,74	
19,77	-0,73	
19,775	-0,72	
19,78	-0,7	
19,785	-0,69	
19,79	-0,67	
19,795	-0,66	
19,8	-0,65	
19,805	-0,64	
19,81	-0,64	
19,815	-0,63	
19,82	-0,62	
19,825	-0,61	
19,83	-0,6	
19,835	-0,58	
19,84	-0,56	
19,845	-0,54	
19,85	-0,53	
19,855	-0,52	
19,86	-0,51	
19,865	-0,49	
19,87	-0,48	
19,875	-0,46	
19,88	-0,44	
19,885	-0,42	
19,89	-0,4	
19,895	-0,38	
19,9	-0,37	
19,905	-0,35	
19,91	-0,34	
19,915	-0,32	
19,92	-0,31	
19,925	-0,29	
19,93	-0,27	
19,935	-0,25	
19,94	-0,23	
19,945	-0,2	
19,95	-0,18	
19,955	-0,16	
19,96	-0,14	
19,965	-0,12	
19,97	-0,1	
19,975	-0,09	
19,98	-0,07	
19,985	-0,05	
19,99	-0,03	
19,995	-0,01	
20,0	0,01	
20,005	0,03	
20,01	0,06	
20,015	0,08	
20,02	0,1	
20,025	0,12	
20,03	0,14	
20,035	0,16	
20,04	0,18	
20,045	0,2	
20,05	0,22	
20,055	0,24	
20,06	0,26	
20,065	0,28	
20,07	0,3	
20,075	0,31	
20,08	0,33	
20,085	0,34	
20,09	0,35	
20,095	0,37	
20,1	0,39	
20,105	0,42	
20,11	0,44	
20,115	0,46	
20,12	0,48	
20,125	0,49	
20,13	0,5	
20,135	0,51	
20,14	0,53	
20,145	0,54	
20,15	0,55	
20,155	0,56	
20,16	0,58	
20,165	0,59	
20,17	0,61	
20,175	0,62	
20,18	0,63	
20,185	0,65	
20,19	0,66	
20,195	0,67	
20,2	0,68	
20,205	0,68	
20,21	0,69	
20,215	0,7	
20,22	0,71	
20,225	0,72	
20,23	0,73	
20,235	0,74	
20,24	0,74	
20,245	0,75	
20,25	0,75	
20,255	0,75	
20,26	0,75	
20,265	0,75	
20,27	0,76	
20,275	0,76	
20,28	0,77	
20,285	0,78	
20,29	0,78	
20,295	0,78	
20,3	0,77	
20,305	0,77	
20,31	0,76	
20,315	0,76	
20,32	0,75	
20,325	0,76	
20,33	0,76	
20,335	0,76	
20,34	0,76	
20,345	0,75	
20,35	0,74	
20,355	0,72	
20,36	0,71	
20,365	0,7	
20,37	0,69	
20,375	0,68	
20,38	0,68	
20,385	0,68	
20,39	0,68	
20,395	0,67	
20,4	0,66	
20,405	0,65	
20,41	0,63	
20,415	0,61	
20,42	0,59	
20,425	0,59	
20,43	0,58	
20,435	0,57	
20,44	0,56	
20,445	0,55	
20,45	0,53	
20,455	0,52	
20,46	0,49	
20,465	0,47	
20,47	0,45	
20,475	0,44	
20,48	0,42	
20,485	0,41	
20,49	0,4	
20,495	0,38	
20,5	0,37	
20,505	0,35	
20,51	0,32	
20,515	0,3	
20,52	0,27	
20,525	0,25	
20,53	0,24	
20,535	0,22	
20,54	0,2	
20,545	0,19	
20,55	0,17	
20,555	0,16	
20,56	0,14	
20,565	0,12	
20,57	0,09	
20,575	0,07	
20,58	0,04	
20,585	0,02	
20,59	-0,01	
20,595	-0,02	
20,6	-0,04	
20,605	-0,05	
20,61	-0,07	
20,615	-0,09	
20,62	-0,11	
20,625	-0,14	
20,63	-0,16	
20,635	-0,18	
20,64	-0,21	
20,645	-0,22	
20,65	-0,23	
20,655	-0,24	
20,66	-0,26	
20,665	-0,27	
20,67	-0,3	
20,675	-0,33	
20,68	-0,35	
20,685	-0,37	
20,69	-0,39	
20,695	-0,41	
20,7	-0,42	
20,705	-0,43	
20,71	-0,44	
20,715	-0,46	
20,72	-0,47	
20,725	-0,49	
20,73	-0,51	
20,735	-0,53	
20,74	-0,54	
20,745	-0,56	
20,75	-0,57	
20,755	-0,57	
20,76	-0,58	
20,765	-0,59	
20,77	-0,6	
20,775	-0,62	
20,78	-0,64	
20,785	-0,65	
20,79	-0,67	
20,795	-0,68	
20,8	-0,69	
20,805	-0,69	
20,81	-0,7	
20,815	-0,7	
20,82	-0,71	
20,825	-0,71	
20,83	-0,72	
20,835	-0,73	
20,84	-0,74	
20,845	-0,75	
20,85	-0,75	
20,855	-0,76	
20,86	-0,76	
20,865	-0,76	
20,87	-0,76	
20,875	-0,75	
20,88	-0,75	
20,885	-0,75	
20,89	-0,76	
20,895	-0,76	
20,9	-0,77	
20,905	-0,77	
20,91	-0,77	
20,915	-0,76	
20,92	-0,75	
20,925	-0,75	
20,93	-0,74	
20,935	-0,73	
20,94	-0,73	
20,945	-0,73	
20,95	-0,73	
20,955	-0,72	
20,96	-0,72	
20,965	-0,71	
20,97	-0,7	
20,975	-0,68	
20,98	-0,67	
20,985	-0,66	
20,99	-0,65	
20,995	-0,64	
21,0	-0,64	
21,005	-0,63	
21,01	-0,62	
21,015	-0,61	
21,02	-0,59	
21,025	-0,58	
21,03	-0,56	
21,035	-0,54	
21,04	-0,53	
21,045	-0,52	
21,05	-0,5	
21,055	-0,49	
21,06	-0,48	
21,065	-0,47	
21,07	-0,45	
21,075	-0,42	
21,08	-0,4	
21,085	-0,38	
21,09	-0,37	
21,095	-0,35	
21,1	-0,33	
21,105	-0,32	
21,11	-0,3	
21,115	-0,28	
21,12	-0,27	
21,125	-0,25	
21,13	-0,23	
21,135	-0,21	
21,14	-0,19	
21,145	-0,17	
21,15	-0,15	
21,155	-0,12	
21,16	-0,1	
21,165	-0,08	
21,17	-0,06	
21,175	-0,05	
21,18	-0,03	
21,185	-0,01	
21,19	0,01	
21,195	0,03	
21,2	0,05	
21,205	0,08	
21,21	0,1	
21,215	0,12	
21,22	0,14	
21,225	0,15	
21,23	0,16	
21,235	0,19	
21,24	0,21	
21,245	0,22	
21,25	0,25	
21,255	0,27	
21,26	0,3	
21,265	0,32	
21,27	0,33	
21,275	0,34	
21,28	0,36	
21,285	0,37	
21,29	0,38	
21,295	0,4	
21,3	0,41	
21,305	0,43	
21,31	0,46	
21,315	0,47	
21,32	0,5	
21,325	0,51	
21,33	0,52	
21,335	0,53	
21,34	0,54	
21,345	0,55	
21,35	0,57	
21,355	0,59	
21,36	0,6	
21,365	0,62	
21,37	0,63	
21,375	0,64	
21,38	0,65	
21,385	0,66	
21,39	0,66	
21,395	0,66	
21,4	0,68	
21,405	0,69	
21,41	0,7	
21,415	0,71	
21,42	0,72	
21,425	0,73	
21,43	0,73	
21,435	0,73	
21,44	0,73	
21,445	0,73	
21,45	0,73	
21,455	0,74	
21,46	0,74	
21,465	0,75	
21,47	0,76	
21,475	0,77	
21,48	0,77	
21,485	0,77	
21,49	0,77	
21,495	0,76	
21,5	0,75	
21,505	0,75	
21,51	0,74	
21,515	0,74	
21,52	0,74	
21,525	0,75	
21,53	0,75	
21,535	0,74	
21,54	0,73	
21,545	0,72	
21,55	0,71	
21,555	0,7	
21,56	0,69	
21,565	0,68	
21,57	0,68	
21,575	0,68	
21,58	0,67	
21,585	0,67	
21,59	0,65	
21,595	0,64	
21,6	0,63	
21,605	0,61	
21,61	0,59	
21,615	0,58	
21,62	0,57	
21,625	0,56	
21,63	0,55	
21,635	0,54	
21,64	0,52	
21,645	0,51	
21,65	0,49	
21,655	0,47	
21,66	0,45	
21,665	0,43	
21,67	0,42	
21,675	0,4	
21,68	0,39	
21,685	0,38	
21,69	0,36	
21,695	0,35	
21,7	0,33	
21,705	0,31	
21,71	0,29	
21,715	0,27	
21,72	0,24	
21,725	0,22	
21,73	0,2	
21,735	0,18	
21,74	0,17	
21,745	0,15	
21,75	0,14	
21,755	0,12	
21,76	0,1	
21,765	0,07	
21,77	0,05	
21,775	0,02	
21,78	0,01	
21,785	-0,01	
21,79	-0,03	
21,795	-0,04	
21,8	-0,05	
21,805	-0,08	
21,81	-0,1	
21,815	-0,13	
21,82	-0,15	
21,825	-0,18	
21,83	-0,2	
21,835	-0,22	
21,84	-0,23	
21,845	-0,25	
21,85	-0,26	
21,855	-0,27	
21,86	-0,29	
21,865	-0,31	
21,87	-0,33	
21,875	-0,36	
21,88	-0,38	
21,885	-0,41	
21,89	-0,42	
21,895	-0,43	
21,9	-0,44	
21,905	-0,45	
21,91	-0,46	
21,915	-0,48	
21,92	-0,5	
21,925	-0,52	
21,93	-0,54	
21,935	-0,56	
21,94	-0,57	
21,945	-0,58	
21,95	-0,58	
21,955	-0,59	
21,96	-0,6	
21,965	-0,61	
21,97	-0,63	
21,975	-0,65	
21,98	-0,66	
21,985	-0,67	
21,99	-0,68	
21,995	-0,69	
22,0	-0,69	
22,005	-0,7	
22,01	-0,7	
22,015	-0,71	
22,02	-0,71	
22,025	-0,72	
22,03	-0,73	
22,035	-0,74	
22,04	-0,75	
22,045	-0,75	
22,05	-0,75	
22,055	-0,75	
22,06	-0,75	
22,065	-0,75	
22,07	-0,75	
22,075	-0,75	
22,08	-0,76	
22,085	-0,76	
22,09	-0,76	
22,095	-0,76	
22,1	-0,76	
22,105	-0,76	
22,11	-0,76	
22,115	-0,75	
22,12	-0,74	
22,125	-0,73	
22,13	-0,72	
22,135	-0,72	
22,14	-0,72	
22,145	-0,71	
22,15	-0,71	
22,155	-0,71	
22,16	-0,7	
22,165	-0,69	
22,17	-0,67	
22,175	-0,66	
22,18	-0,65	
22,185	-0,64	
22,19	-0,64	
22,195	-0,63	
22,2	-0,62	
22,205	-0,61	
22,21	-0,59	
22,215	-0,58	
22,22	-0,56	
22,225	-0,55	
22,23	-0,53	
22,235	-0,52	
22,24	-0,5	
22,245	-0,49	
22,25	-0,48	
22,255	-0,46	
22,26	-0,45	
22,265	-0,43	
22,27	-0,41	
22,275	-0,4	
22,28	-0,38	
22,285	-0,36	
22,29	-0,34	
22,295	-0,32	
22,3	-0,3	
22,305	-0,28	
22,31	-0,27	
22,315	-0,25	
22,32	-0,23	
22,325	-0,22	
22,33	-0,19	
22,335	-0,17	
22,34	-0,15	
22,345	-0,13	
22,35	-0,11	
22,355	-0,09	
22,36	-0,07	
22,365	-0,05	
22,37	-0,03	
22,375	-0,01	
22,38	0,01	
22,385	0,03	
22,39	0,05	
22,395	0,07	
22,4	0,1	
22,405	0,11	
22,41	0,13	
22,415	0,15	
22,42	0,17	
22,425	0,18	
22,43	0,2	
22,435	0,22	
22,44	0,24	
22,445	0,26	
22,45	0,29	
22,455	0,31	
22,46	0,33	
22,465	0,35	
22,47	0,36	
22,475	0,37	
22,48	0,39	
22,485	0,4	
22,49	0,42	
22,495	0,44	
22,5	0,46	
22,505	0,48	
22,51	0,49	
22,515	0,5	
22,52	0,51	
22,525	0,52	
22,53	0,54	
22,535	0,56	
22,54	0,57	
22,545	0,59	
22,55	0,6	
22,555	0,62	
22,56	0,63	
22,565	0,64	
22,57	0,65	
22,575	0,66	
22,58	0,66	
22,585	0,67	
22,59	0,67	
22,595	0,68	
22,6	0,69	
22,605	0,7	
22,61	0,72	
22,615	0,73	
22,62	0,74	
22,625	0,74	
22,63	0,74	
22,635	0,74	
22,64	0,75	
22,645	0,74	
22,65	0,75	
22,655	0,75	
22,66	0,76	
22,665	0,76	
22,67	0,76	
22,675	0,77	
22,68	0,77	
22,685	0,77	
22,69	0,76	
22,695	0,76	
22,7	0,75	
22,705	0,75	
22,71	0,75	
22,715	0,74	
22,72	0,74	
22,725	0,74	
22,73	0,74	
22,735	0,73	
22,74	0,72	
22,745	0,71	
22,75	0,69	
22,755	0,69	
22,76	0,68	
22,765	0,67	
22,77	0,67	
22,775	0,67	
22,78	0,66	
22,785	0,65	
22,79	0,63	
22,795	0,61	
22,8	0,6	
22,805	0,58	
22,81	0,57	
22,815	0,56	
22,82	0,55	
22,825	0,54	
22,83	0,53	
22,835	0,52	
22,84	0,51	
22,845	0,49	
22,85	0,47	
22,855	0,44	
22,86	0,42	
22,865	0,4	
22,87	0,38	
22,875	0,37	
22,88	0,36	
22,885	0,35	
22,89	0,33	
22,895	0,31	
22,9	0,29	
22,905	0,27	
22,91	0,25	
22,915	0,23	
22,92	0,21	
22,925	0,19	
22,93	0,18	
22,935	0,15	
22,94	0,13	
22,945	0,12	
22,95	0,09	
22,955	0,07	
22,96	0,05	
22,965	0,03	
22,97	0,01	
22,975	-0,01	
22,98	-0,03	
22,985	-0,05	
22,99	-0,06	
22,995	-0,08	
23,0	-0,1	
23,005	-0,12	
23,01	-0,14	
23,015	-0,17	
23,02	-0,19	
23,025	-0,22	
23,03	-0,24	
23,035	-0,25	
23,04	-0,26	
23,045	-0,28	
23,05	-0,29	
23,055	-0,31	
23,06	-0,32	
23,065	-0,35	
23,07	-0,37	
23,075	-0,4	
23,08	-0,42	
23,085	-0,43	
23,09	-0,44	
23,095	-0,46	
23,1	-0,47	
23,105	-0,48	
23,11	-0,5	
23,115	-0,52	
23,12	-0,53	
23,125	-0,55	
23,13	-0,57	
23,135	-0,58	
23,14	-0,59	
23,145	-0,6	
23,15	-0,6	
23,155	-0,61	
23,16	-0,62	
23,165	-0,64	
23,17	-0,65	
23,175	-0,67	
23,18	-0,68	
23,185	-0,69	
23,19	-0,69	
23,195	-0,7	
23,2	-0,7	
23,205	-0,71	
23,21	-0,72	
23,215	-0,73	
23,22	-0,74	
23,225	-0,74	
23,23	-0,75	
23,235	-0,75	
23,24	-0,76	
23,245	-0,76	
23,25	-0,76	
23,255	-0,76	
23,26	-0,76	
23,265	-0,76	
23,27	-0,76	
23,275	-0,76	
23,28	-0,76	
23,285	-0,76	
23,29	-0,76	
23,295	-0,76	
23,3	-0,76	
23,305	-0,76	
23,31	-0,75	
23,315	-0,74	
23,32	-0,74	
23,325	-0,73	
23,33	-0,72	
23,335	-0,71	
23,34	-0,71	
23,345	-0,71	
23,35	-0,7	
23,355	-0,69	
23,36	-0,69	
23,365	-0,67	
23,37	-0,66	
23,375	-0,65	
23,38	-0,64	
23,385	-0,63	
23,39	-0,62	
23,395	-0,61	
23,4	-0,6	
23,405	-0,6	
23,41	-0,58	
23,415	-0,56	
23,42	-0,54	
23,425	-0,52	
23,43	-0,5	
23,435	-0,49	
23,44	-0,48	
23,445	-0,47	
23,45	-0,45	
23,455	-0,44	
23,46	-0,42	
23,465	-0,41	
23,47	-0,39	
23,475	-0,37	
23,48	-0,35	
23,485	-0,33	
23,49	-0,32	
23,495	-0,3	
23,5	-0,27	
23,505	-0,25	
23,51	-0,23	
23,515	-0,21	
23,52	-0,2	
23,525	-0,18	
23,53	-0,16	
23,535	-0,14	
23,54	-0,12	
23,545	-0,1	
23,55	-0,08	
23,555	-0,06	
23,56	-0,04	
23,565	-0,02	
23,57	0	
23,575	0,02	
23,58	0,05	
23,585	0,07	
23,59	0,09	
23,595	0,11	
23,6	0,13	
23,605	0,15	
23,61	0,17	
23,615	0,19	
23,62	0,2	
23,625	0,22	
23,63	0,23	
23,635	0,26	
23,64	0,28	
23,645	0,3	
23,65	0,32	
23,655	0,34	
23,66	0,36	
23,665	0,37	
23,67	0,39	
23,675	0,4	
23,68	0,42	
23,685	0,43	
23,69	0,45	
23,695	0,47	
23,7	0,49	
23,705	0,51	
23,71	0,52	
23,715	0,53	
23,72	0,54	
23,725	0,55	
23,73	0,56	
23,735	0,58	
23,74	0,6	
23,745	0,62	
23,75	0,63	
23,755	0,65	
23,76	0,66	
23,765	0,66	
23,77	0,67	
23,775	0,67	
23,78	0,68	
23,785	0,69	
23,79	0,7	
23,795	0,71	
23,8	0,71	
23,805	0,73	
23,81	0,74	
23,815	0,74	
23,82	0,75	
23,825	0,75	
23,83	0,75	
23,835	0,75	
23,84	0,75	
23,845	0,76	
23,85	0,76	
23,855	0,77	
23,86	0,77	
23,865	0,77	
23,87	0,77	
23,875	0,77	
23,88	0,77	
23,885	0,77	
23,89	0,76	
23,895	0,76	
23,9	0,75	
23,905	0,74	
23,91	0,74	
23,915	0,75	
23,92	0,75	
23,925	0,74	
23,93	0,74	
23,935	0,73	
23,94	0,72	
23,945	0,7	
23,95	0,69	
23,955	0,68	
23,96	0,68	
23,965	0,68	
23,97	0,67	
23,975	0,66	
23,98	0,66	
23,985	0,64	
23,99	0,62	
23,995	0,6	
24,0	0,58	
24,005	0,57	
24,01	0,56	
24,015	0,55	
24,02	0,54	
24,025	0,53	
24,03	0,52	
24,035	0,5	
24,04	0,48	
24,045	0,46	
24,05	0,44	
24,055	0,42	
24,06	0,4	
24,065	0,38	
24,07	0,37	
24,075	0,36	
24,08	0,34	
24,085	0,33	
24,09	0,31	
24,095	0,29	
24,1	0,27	
24,105	0,24	
24,11	0,22	
24,115	0,2	
24,12	0,19	
24,125	0,17	
24,13	0,15	
24,135	0,13	
24,14	0,12	
24,145	0,09	
24,15	0,07	
24,155	0,05	
24,16	0,03	
24,165	0	
24,17	-0,02	
24,175	-0,04	
24,18	-0,06	
24,185	-0,07	
24,19	-0,09	
24,195	-0,1	
24,2	-0,12	
24,205	-0,15	
24,21	-0,17	
24,215	-0,2	
24,22	-0,22	
24,225	-0,25	
24,23	-0,27	
24,235	-0,28	
24,24	-0,29	
24,245	-0,3	
24,25	-0,32	
24,255	-0,34	
24,26	-0,36	
24,265	-0,39	
24,27	-0,41	
24,275	-0,43	
24,28	-0,44	
24,285	-0,45	
24,29	-0,46	
24,295	-0,47	
24,3	-0,48	
24,305	-0,5	
24,31	-0,53	
24,315	-0,55	
24,32	-0,56	
24,325	-0,58	
24,33	-0,59	
24,335	-0,6	
24,34	-0,61	
24,345	-0,61	
24,35	-0,63	
24,355	-0,64	
24,36	-0,65	
24,365	-0,66	
24,37	-0,68	
24,375	-0,69	
24,38	-0,7	
24,385	-0,7	
24,39	-0,71	
24,395	-0,72	
24,4	-0,73	
24,405	-0,73	
24,41	-0,74	
24,415	-0,75	
24,42	-0,75	
24,425	-0,76	
24,43	-0,76	
24,435	-0,77	
24,44	-0,77	
24,445	-0,77	
24,45	-0,77	
24,455	-0,77	
24,46	-0,77	
24,465	-0,77	
24,47	-0,77	
24,475	-0,77	
24,48	-0,77	
24,485	-0,77	
24,49	-0,77	
24,495	-0,77	
24,5	-0,77	
24,505	-0,76	
24,51	-0,75	
24,515	-0,74	
24,52	-0,74	
24,525	-0,73	
24,53	-0,73	
24,535	-0,72	
24,54	-0,72	
24,545	-0,72	
24,55	-0,7	
24,555	-0,69	
24,56	-0,68	
24,565	-0,66	
24,57	-0,65	
24,575	-0,64	
24,58	-0,63	
24,585	-0,62	
24,59	-0,61	
24,595	-0,61	
24,6	-0,59	
24,605	-0,58	
24,61	-0,56	
24,615	-0,54	
24,62	-0,53	
24,625	-0,51	
24,63	-0,49	
24,635	-0,48	
24,64	-0,47	
24,645	-0,45	
24,65	-0,44	
24,655	-0,42	
24,66	-0,41	
24,665	-0,39	
24,67	-0,37	
24,675	-0,35	
24,68	-0,33	
24,685	-0,31	
24,69	-0,3	
24,695	-0,28	
24,7	-0,26	
24,705	-0,24	
24,71	-0,22	
24,715	-0,2	
24,72	-0,18	
24,725	-0,16	
24,73	-0,14	
24,735	-0,12	
24,74	-0,1	
24,745	-0,07	
24,75	-0,06	
24,755	-0,04	
24,76	-0,02	
24,765	0	
24,77	0,02	
24,775	0,04	
24,78	0,07	
24,785	0,09	
24,79	0,11	
24,795	0,14	
24,8	0,16	
24,805	0,18	
24,81	0,19	
24,815	0,2	
24,82	0,22	
24,825	0,24	
24,83	0,26	
24,835	0,28	
24,84	0,3	
24,845	0,32	
24,85	0,34	
24,855	0,36	
24,86	0,37	
24,865	0,39	
24,87	0,4	
24,875	0,43	
24,88	0,45	
24,885	0,46	
24,89	0,48	
24,895	0,5	
24,9	0,52	
24,905	0,53	
24,91	0,55	
24,915	0,56	
24,92	0,57	
24,925	0,58	
24,93	0,59	
24,935	0,6	
24,94	0,61	
24,945	0,63	
24,95	0,64	
24,955	0,66	
24,96	0,67	
24,965	0,69	
24,97	0,69	
24,975	0,7	
24,98	0,71	
24,985	0,71	
24,99	0,72	
24,995	0,72	
25,0	0,73	
25,005	0,74	
25,01	0,75	
25,015	0,76	
25,02	0,77	
25,025	0,77	
25,03	0,77	
25,035	0,77	
25,04	0,77	
25,045	0,77	
25,05	0,77	
25,055	0,78	
25,06	0,78	
25,065	0,78	
25,07	0,78	
25,075	0,78	
25,08	0,78	
25,085	0,77	
25,09	0,77	
25,095	0,76	
25,1	0,76	
25,105	0,75	
25,11	0,75	
25,115	0,76	
25,12	0,75	
25,125	0,75	
25,13	0,74	
25,135	0,72	
25,14	0,71	
25,145	0,7	
25,15	0,69	
25,155	0,68	
25,16	0,68	
25,165	0,68	
25,17	0,67	
25,175	0,66	
25,18	0,65	
25,185	0,63	
25,19	0,61	
25,195	0,59	
25,2	0,57	
25,205	0,56	
25,21	0,56	
25,215	0,55	
25,22	0,54	
25,225	0,53	
25,23	0,51	
25,235	0,49	
25,24	0,47	
25,245	0,45	
25,25	0,42	
25,255	0,41	
25,26	0,39	
25,265	0,38	
25,27	0,36	
25,275	0,35	
25,28	0,32	
25,285	0,31	
25,29	0,28	
25,295	0,26	
25,3	0,24	
25,305	0,22	
25,31	0,2	
25,315	0,19	
25,32	0,17	
25,325	0,15	
25,33	0,14	
25,335	0,12	
25,34	0,1	
25,345	0,07	
25,35	0,05	
25,355	0,03	
25,36	0	
25,365	-0,02	
25,37	-0,04	
25,375	-0,06	
25,38	-0,08	
25,385	-0,09	
25,39	-0,11	
25,395	-0,12	
25,4	-0,15	
25,405	-0,18	
25,41	-0,2	
25,415	-0,23	
25,42	-0,25	
25,425	-0,26	
25,43	-0,27	
25,435	-0,29	
25,44	-0,31	
25,445	-0,32	
25,45	-0,35	
25,455	-0,37	
25,46	-0,4	
25,465	-0,42	
25,47	-0,44	
25,475	-0,45	
25,48	-0,46	
25,485	-0,47	
25,49	-0,48	
25,495	-0,49	
25,5	-0,51	
25,505	-0,53	
25,51	-0,55	
25,515	-0,57	
25,52	-0,59	
25,525	-0,6	
25,53	-0,61	
25,535	-0,62	
25,54	-0,62	
25,545	-0,63	
25,55	-0,65	
25,555	-0,66	
25,56	-0,67	
25,565	-0,69	
25,57	-0,7	
25,575	-0,71	
25,58	-0,71	
25,585	-0,72	
25,59	-0,72	
25,595	-0,73	
25,6	-0,74	
25,605	-0,75	
25,61	-0,76	
25,615	-0,76	
25,62	-0,76	
25,625	-0,77	
25,63	-0,78	
25,635	-0,78	
25,64	-0,78	
25,645	-0,78	
25,65	-0,78	
25,655	-0,78	
25,66	-0,78	
25,665	-0,78	
25,67	-0,78	
25,675	-0,78	
25,68	-0,78	
25,685	-0,78	
25,69	-0,79	
25,695	-0,78	
25,7	-0,77	
25,705	-0,76	
25,71	-0,75	
25,715	-0,74	
25,72	-0,74	
25,725	-0,73	
25,73	-0,73	
25,735	-0,73	
25,74	-0,73	
25,745	-0,72	
25,75	-0,71	
25,755	-0,69	
25,76	-0,67	
25,765	-0,66	
25,77	-0,65	
25,775	-0,64	
25,78	-0,64	
25,785	-0,63	
25,79	-0,62	
25,795	-0,6	
25,8	-0,59	
25,805	-0,57	
25,81	-0,55	
25,815	-0,54	
25,82	-0,52	
25,825	-0,51	
25,83	-0,5	
25,835	-0,48	
25,84	-0,47	
25,845	-0,44	
25,85	-0,42	
25,855	-0,4	
25,86	-0,39	
25,865	-0,37	
25,87	-0,35	
25,875	-0,34	
25,88	-0,32	
25,885	-0,3	
25,89	-0,28	
25,895	-0,26	
25,9	-0,25	
25,905	-0,23	
25,91	-0,21	
25,915	-0,19	
25,92	-0,17	
25,925	-0,14	
25,93	-0,12	
25,935	-0,09	
25,94	-0,07	
25,945	-0,05	
25,95	-0,04	
25,955	-0,02	
25,96	0	
25,965	0,01	
25,97	0,04	
25,975	0,06	
25,98	0,08	
25,985	0,1	
25,99	0,12	
25,995	0,14	
26,0	0,16	
26,005	0,19	
26,01	0,21	
26,015	0,23	
26,02	0,25	
26,025	0,27	
26,03	0,29	
26,035	0,31	
26,04	0,33	
26,045	0,34	
26,05	0,36	
26,055	0,37	
26,06	0,39	
26,065	0,4	
26,07	0,42	
26,075	0,43	
26,08	0,45	
26,085	0,48	
26,09	0,5	
26,095	0,52	
26,1	0,53	
26,105	0,55	
26,11	0,56	
26,115	0,57	
26,12	0,58	
26,125	0,59	
26,13	0,6	
26,135	0,62	
26,14	0,63	
26,145	0,65	
26,15	0,66	
26,155	0,67	
26,16	0,68	
26,165	0,69	
26,17	0,7	
26,175	0,71	
26,18	0,72	
26,185	0,72	
26,19	0,73	
26,195	0,74	
26,2	0,75	
26,205	0,76	
26,21	0,76	
26,215	0,77	
26,22	0,77	
26,225	0,77	
26,23	0,77	
26,235	0,78	
26,24	0,78	
26,245	0,78	
26,25	0,78	
26,255	0,79	
26,26	0,79	
26,265	0,79	
26,27	0,79	
26,275	0,78	
26,28	0,78	
26,285	0,77	
26,29	0,77	
26,295	0,77	
26,3	0,77	
26,305	0,77	
26,31	0,77	
26,315	0,76	
26,32	0,76	
26,325	0,75	
26,33	0,73	
26,335	0,72	
26,34	0,7	
26,345	0,69	
26,35	0,69	
26,355	0,69	
26,36	0,68	
26,365	0,68	
26,37	0,67	
26,375	0,65	
26,38	0,64	
26,385	0,62	
26,39	0,6	
26,395	0,58	
26,4	0,58	
26,405	0,56	
26,41	0,56	
26,415	0,54	
26,42	0,53	
26,425	0,51	
26,43	0,49	
26,435	0,47	
26,44	0,45	
26,445	0,44	
26,45	0,42	
26,455	0,4	
26,46	0,39	
26,465	0,38	
26,47	0,36	
26,475	0,34	
26,48	0,32	
26,485	0,3	
26,49	0,27	
26,495	0,25	
26,5	0,23	
26,505	0,21	
26,51	0,19	
26,515	0,18	
26,52	0,16	
26,525	0,14	
26,53	0,12	
26,535	0,1	
26,54	0,08	
26,545	0,06	
26,55	0,04	
26,555	0,01	
26,56	-0,01	
26,565	-0,03	
26,57	-0,05	
26,575	-0,07	
26,58	-0,08	
26,585	-0,1	
26,59	-0,12	
26,595	-0,14	
26,6	-0,17	
26,605	-0,19	
26,61	-0,22	
26,615	-0,24	
26,62	-0,25	
26,625	-0,27	
26,63	-0,28	
26,635	-0,3	
26,64	-0,31	
26,645	-0,33	
26,65	-0,37	
26,655	-0,39	
26,66	-0,41	
26,665	-0,42	
26,67	-0,44	
26,675	-0,45	
26,68	-0,46	
26,685	-0,47	
26,69	-0,49	
26,695	-0,51	
26,7	-0,53	
26,705	-0,55	
26,71	-0,57	
26,715	-0,58	
26,72	-0,59	
26,725	-0,6	
26,73	-0,61	
26,735	-0,62	
26,74	-0,63	
26,745	-0,65	
26,75	-0,66	
26,755	-0,68	
26,76	-0,69	
26,765	-0,7	
26,77	-0,71	
26,775	-0,72	
26,78	-0,72	
26,785	-0,73	
26,79	-0,73	
26,795	-0,73	
26,8	-0,74	
26,805	-0,75	
26,81	-0,76	
26,815	-0,77	
26,82	-0,77	
26,825	-0,78	
26,83	-0,78	
26,835	-0,78	
26,84	-0,78	
26,845	-0,78	
26,85	-0,78	
26,855	-0,78	
26,86	-0,78	
26,865	-0,78	
26,87	-0,78	
26,875	-0,79	
26,88	-0,79	
26,885	-0,79	
26,89	-0,78	
26,895	-0,77	
26,9	-0,76	
26,905	-0,75	
26,91	-0,75	
26,915	-0,74	
26,92	-0,74	
26,925	-0,74	
26,93	-0,74	
26,935	-0,73	
26,94	-0,72	
26,945	-0,71	
26,95	-0,69	
26,955	-0,68	
26,96	-0,67	
26,965	-0,66	
26,97	-0,65	
26,975	-0,64	
26,98	-0,63	
26,985	-0,62	
26,99	-0,61	
26,995	-0,59	
27,0	-0,57	
27,005	-0,56	
27,01	-0,54	
27,015	-0,53	
27,02	-0,51	
27,025	-0,5	
27,03	-0,48	
27,035	-0,47	
27,04	-0,45	
27,045	-0,44	
27,05	-0,42	
27,055	-0,4	
27,06	-0,38	
27,065	-0,36	
27,07	-0,35	
27,075	-0,33	
27,08	-0,31	
27,085	-0,29	
27,09	-0,27	
27,095	-0,25	
27,1	-0,24	
27,105	-0,22	
27,11	-0,2	
27,115	-0,18	
27,12	-0,16	
27,125	-0,13	
27,13	-0,11	
27,135	-0,08	
27,14	-0,06	
27,145	-0,05	
27,15	-0,03	
27,155	-0,02	
27,16	0	
27,165	0,03	
27,17	0,05	
27,175	0,07	
27,18	0,1	
27,185	0,12	
27,19	0,14	
27,195	0,15	
27,2	0,17	
27,205	0,19	
27,21	0,21	
27,215	0,23	
27,22	0,26	
27,225	0,28	
27,23	0,3	
27,235	0,32	
27,24	0,34	
27,245	0,35	
27,25	0,37	
27,255	0,38	
27,26	0,4	
27,265	0,41	
27,27	0,43	
27,275	0,45	
27,28	0,47	
27,285	0,49	
27,29	0,5	
27,295	0,51	
27,3	0,53	
27,305	0,54	
27,31	0,55	
27,315	0,57	
27,32	0,58	
27,325	0,6	
27,33	0,61	
27,335	0,63	
27,34	0,64	
27,345	0,65	
27,35	0,67	
27,355	0,67	
27,36	0,68	
27,365	0,69	
27,37	0,7	
27,375	0,71	
27,38	0,72	
27,385	0,73	
27,39	0,74	
27,395	0,74	
27,4	0,75	
27,405	0,76	
27,41	0,76	
27,415	0,76	
27,42	0,77	
27,425	0,77	
27,43	0,77	
27,435	0,77	
27,44	0,78	
27,445	0,78	
27,45	0,78	
27,455	0,79	
27,46	0,79	
27,465	0,78	
27,47	0,78	
27,475	0,77	
27,48	0,77	
27,485	0,76	
27,49	0,76	
27,495	0,77	
27,5	0,77	
27,505	0,76	
27,51	0,76	
27,515	0,75	
27,52	0,74	
27,525	0,73	
27,53	0,71	
27,535	0,71	
27,54	0,7	
27,545	0,69	
27,55	0,69	
27,555	0,69	
27,56	0,68	
27,565	0,67	
27,57	0,66	
27,575	0,64	
27,58	0,62	
27,585	0,6	
27,59	0,59	
27,595	0,58	
27,6	0,57	
27,605	0,56	
27,61	0,55	
27,615	0,54	
27,62	0,51	
27,625	0,5	
27,63	0,48	
27,635	0,46	
27,64	0,44	
27,645	0,42	
27,65	0,41	
27,655	0,39	
27,66	0,38	
27,665	0,37	
27,67	0,35	
27,675	0,33	
27,68	0,31	
27,685	0,29	
27,69	0,27	
27,695	0,25	
27,7	0,23	
27,705	0,2	
27,71	0,18	
27,715	0,16	
27,72	0,15	
27,725	0,13	
27,73	0,11	
27,735	0,09	
27,74	0,07	
27,745	0,04	
27,75	0,02	
27,755	0	
27,76	-0,02	
27,765	-0,04	
27,77	-0,06	
27,775	-0,07	
27,78	-0,09	
27,785	-0,12	
27,79	-0,14	
27,795	-0,17	
27,8	-0,2	
27,805	-0,22	
27,81	-0,24	
27,815	-0,25	
27,82	-0,26	
27,825	-0,27	
27,83	-0,29	
27,835	-0,3	
27,84	-0,32	
27,845	-0,35	
27,85	-0,37	
27,855	-0,4	
27,86	-0,41	
27,865	-0,43	
27,87	-0,44	
27,875	-0,44	
27,88	-0,45	
27,885	-0,47	
27,89	-0,5	
27,895	-0,52	
27,9	-0,54	
27,905	-0,56	
27,91	-0,58	
27,915	-0,59	
27,92	-0,59	
27,925	-0,6	
27,93	-0,61	
27,935	-0,62	
27,94	-0,63	
27,945	-0,65	
27,95	-0,67	
27,955	-0,68	
27,96	-0,69	
27,965	-0,7	
27,97	-0,71	
27,975	-0,71	
27,98	-0,72	
27,985	-0,72	
27,99	-0,73	
27,995	-0,74	
28,0	-0,74	
28,005	-0,75	
28,01	-0,76	
28,015	-0,77	
28,02	-0,77	
28,025	-0,78	
28,03	-0,78	
28,035	-0,78	
28,04	-0,78	
28,045	-0,78	
28,05	-0,77	
28,055	-0,77	
28,06	-0,78	
28,065	-0,78	
28,07	-0,78	
28,075	-0,78	
28,08	-0,78	
28,085	-0,77	
28,09	-0,77	
28,095	-0,76	
28,1	-0,75	
28,105	-0,75	
28,11	-0,74	
28,115	-0,74	
28,12	-0,74	
28,125	-0,74	
28,13	-0,73	
28,135	-0,72	
28,14	-0,71	
28,145	-0,69	
28,15	-0,68	
28,155	-0,67	
28,16	-0,66	
28,165	-0,65	
28,17	-0,65	
28,175	-0,63	
28,18	-0,62	
28,185	-0,61	
28,19	-0,59	
28,195	-0,57	
28,2	-0,56	
28,205	-0,54	
28,21	-0,53	
28,215	-0,53	
28,22	-0,51	
28,225	-0,5	
28,23	-0,48	
28,235	-0,46	
28,24	-0,44	
28,245	-0,42	
28,25	-0,41	
28,255	-0,39	
28,26	-0,37	
28,265	-0,36	
28,27	-0,33	
28,275	-0,31	
28,28	-0,29	
28,285	-0,27	
28,29	-0,25	
28,295	-0,24	
28,3	-0,22	
28,305	-0,2	
28,31	-0,18	
28,315	-0,16	
28,32	-0,14	
28,325	-0,12	
28,33	-0,1	
28,335	-0,08	
28,34	-0,06	
28,345	-0,05	
28,35	-0,02	
28,355	0	
28,36	0,02	
28,365	0,05	
28,37	0,07	
28,375	0,09	
28,38	0,11	
28,385	0,13	
28,39	0,15	
28,395	0,16	
28,4	0,18	
28,405	0,2	
28,41	0,22	
28,415	0,23	
28,42	0,26	
28,425	0,28	
28,43	0,31	
28,435	0,33	
28,44	0,34	
28,445	0,36	
28,45	0,37	
28,455	0,39	
28,46	0,4	
28,465	0,42	
28,47	0,44	
28,475	0,46	
28,48	0,47	
28,485	0,49	
28,49	0,51	
28,495	0,52	
28,5	0,53	
28,505	0,55	
28,51	0,56	
28,515	0,58	
28,52	0,59	
28,525	0,61	
28,53	0,62	
28,535	0,63	
28,54	0,65	
28,545	0,65	
28,55	0,66	
28,555	0,67	
28,56	0,68	
28,565	0,69	
28,57	0,7	
28,575	0,71	
28,58	0,71	
28,585	0,72	
28,59	0,74	
28,595	0,74	
28,6	0,75	
28,605	0,75	
28,61	0,75	
28,615	0,75	
28,62	0,75	
28,625	0,76	
28,63	0,76	
28,635	0,77	
28,64	0,77	
28,645	0,78	
28,65	0,78	
28,655	0,78	
28,66	0,77	
28,665	0,77	
28,67	0,77	
28,675	0,76	
28,68	0,76	
28,685	0,76	
28,69	0,76	
28,695	0,76	
28,7	0,76	
28,705	0,75	
28,71	0,74	
28,715	0,73	
28,72	0,72	
28,725	0,71	
28,73	0,7	
28,735	0,69	
28,74	0,69	
28,745	0,69	
28,75	0,69	
28,755	0,68	
28,76	0,66	
28,765	0,65	
28,77	0,63	
28,775	0,61	
28,78	0,6	
28,785	0,59	
28,79	0,58	
28,795	0,57	
28,8	0,56	
28,805	0,55	
28,81	0,53	
28,815	0,52	
28,82	0,5	
28,825	0,48	
28,83	0,46	
28,835	0,44	
28,84	0,42	
28,845	0,41	
28,85	0,4	
28,855	0,38	
28,86	0,36	
28,865	0,34	
28,87	0,32	
28,875	0,3	
28,88	0,28	
28,885	0,26	
28,89	0,24	
28,895	0,23	
28,9	0,21	
28,905	0,19	
28,91	0,18	
28,915	0,15	
28,92	0,13	
28,925	0,12	
28,93	0,09	
28,935	0,07	
28,94	0,04	
28,945	0,02	
28,95	0	
28,955	-0,02	
28,96	-0,03	
28,965	-0,04	
28,97	-0,06	
28,975	-0,07	
28,98	-0,1	
28,985	-0,12	
28,99	-0,15	
28,995	-0,18	
29,0	-0,2	
29,005	-0,22	
29,01	-0,24	
29,015	-0,25	
29,02	-0,26	
29,025	-0,27	
29,03	-0,29	
29,035	-0,31	
29,04	-0,34	
29,045	-0,36	
29,05	-0,38	
29,055	-0,4	
29,06	-0,41	
29,065	-0,43	
29,07	-0,43	
29,075	-0,45	
29,08	-0,47	
29,085	-0,49	
29,09	-0,51	
29,095	-0,53	
29,1	-0,55	
29,105	-0,57	
29,11	-0,58	
29,115	-0,59	
29,12	-0,59	
29,125	-0,6	
29,13	-0,61	
29,135	-0,62	
29,14	-0,63	
29,145	-0,65	
29,15	-0,66	
29,155	-0,67	
29,16	-0,68	
29,165	-0,69	
29,17	-0,7	
29,175	-0,7	
29,18	-0,71	
29,185	-0,71	
29,19	-0,72	
29,195	-0,73	
29,2	-0,74	
29,205	-0,74	
29,21	-0,75	
29,215	-0,76	
29,22	-0,76	
29,225	-0,76	
29,23	-0,76	
29,235	-0,76	
29,24	-0,75	
29,245	-0,76	
29,25	-0,76	
29,255	-0,77	
29,26	-0,77	
29,265	-0,77	
29,27	-0,77	
29,275	-0,77	
29,28	-0,76	
29,285	-0,75	
29,29	-0,74	
29,295	-0,74	
29,3	-0,73	
29,305	-0,73	
29,31	-0,73	
29,315	-0,73	
29,32	-0,73	
29,325	-0,72	
29,33	-0,71	
29,335	-0,69	
29,34	-0,68	
29,345	-0,67	
29,35	-0,65	
29,355	-0,65	
29,36	-0,64	
29,365	-0,63	
29,37	-0,63	
29,375	-0,61	
29,38	-0,6	
29,385	-0,59	
29,39	-0,57	
29,395	-0,56	
29,4	-0,54	
29,405	-0,53	
29,41	-0,52	
29,415	-0,5	
29,42	-0,49	
29,425	-0,48	
29,43	-0,46	
29,435	-0,44	
29,44	-0,42	
29,445	-0,41	
29,45	-0,39	
29,455	-0,37	
29,46	-0,35	
29,465	-0,34	
29,47	-0,32	
29,475	-0,3	
29,48	-0,27	
29,485	-0,26	
29,49	-0,24	
29,495	-0,22	
29,5	-0,2	
29,505	-0,18	
29,51	-0,16	
29,515	-0,14	
29,52	-0,12	
29,525	-0,1	
29,53	-0,08	
29,535	-0,07	
29,54	-0,05	
29,545	-0,04	
29,55	-0,02	
29,555	0,01	
29,56	0,04	
29,565	0,06	
29,57	0,09	
29,575	0,1	
29,58	0,12	
29,585	0,14	
29,59	0,15	
29,595	0,17	
29,6	0,19	
29,605	0,21	
29,61	0,23	
29,615	0,25	
29,62	0,27	
29,625	0,29	
29,63	0,31	
29,635	0,32	
29,64	0,34	
29,645	0,36	
29,65	0,38	
29,655	0,39	
29,66	0,41	
29,665	0,43	
29,67	0,45	
29,675	0,46	
29,68	0,48	
29,685	0,49	
29,69	0,51	
29,695	0,52	
29,7	0,53	
29,705	0,55	
29,71	0,56	
29,715	0,58	
29,72	0,59	
29,725	0,61	
29,73	0,62	
29,735	0,63	
29,74	0,64	
29,745	0,65	
29,75	0,66	
29,755	0,67	
29,76	0,67	
29,765	0,68	
29,77	0,69	
29,775	0,7	
29,78	0,71	
29,785	0,71	
29,79	0,72	
29,795	0,73	
29,8	0,74	
29,805	0,74	
29,81	0,74	
29,815	0,74	
29,82	0,74	
29,825	0,75	
29,83	0,75	
29,835	0,76	
29,84	0,76	
29,845	0,77	
29,85	0,77	
29,855	0,76	
29,86	0,76	
29,865	0,75	
29,87	0,75	
29,875	0,74	
29,88	0,74	
29,885	0,74	
29,89	0,74	
29,895	0,75	
29,9	0,74	
29,905	0,73	
29,91	0,72	
29,915	0,71	
29,92	0,7	
29,925	0,69	
29,93	0,68	
29,935	0,68	
29,94	0,68	
29,945	0,67	
29,95	0,66	
29,955	0,65	
29,96	0,64	
29,965	0,61	
29,97	0,6	
29,975	0,59	
29,98	0,57	
29,985	0,56	
29,99	0,56	
29,995	0,55	
30,0	0,53	
30,005	0,52	
30,01	0,51	
30,015	0,49	
30,02	0,47	
30,025	0,45	
30,03	0,43	
30,035	0,42	
30,04	0,41	
30,045	0,39	
30,05	0,38	
30,055	0,36	
30,06	0,34	
30,065	0,32	
30,07	0,3	
30,075	0,28	
30,08	0,26	
30,085	0,24	
30,09	0,22	
30,095	0,21	
30,1	0,19	
30,105	0,18	
30,11	0,16	
30,115	0,14	
30,12	0,12	
30,125	0,1	
30,13	0,07	
30,135	0,04	
30,14	0,02	
30,145	0	
30,15	-0,01	
30,155	-0,03	
30,16	-0,04	
30,165	-0,06	
30,17	-0,08	
30,175	-0,1	
30,18	-0,12	
30,185	-0,14	
30,19	-0,17	
30,195	-0,19	
30,2	-0,21	
30,205	-0,22	
30,21	-0,25	
30,215	-0,26	
30,22	-0,27	
30,225	-0,29	
30,23	-0,31	
30,235	-0,33	
30,24	-0,36	
30,245	-0,38	
30,25	-0,4	
30,255	-0,41	
30,26	-0,42	
30,265	-0,43	
30,27	-0,44	
30,275	-0,45	
30,28	-0,47	
30,285	-0,49	
30,29	-0,52	
30,295	-0,54	
30,3	-0,55	
30,305	-0,56	
30,31	-0,57	
30,315	-0,58	
30,32	-0,59	
30,325	-0,6	
30,33	-0,61	
30,335	-0,62	
30,34	-0,63	
30,345	-0,65	
30,35	-0,66	
30,355	-0,67	
30,36	-0,68	
30,365	-0,69	
30,37	-0,69	
30,375	-0,69	
30,38	-0,7	
30,385	-0,7	
30,39	-0,71	
30,395	-0,72	
30,4	-0,73	
30,405	-0,73	
30,41	-0,74	
30,415	-0,74	
30,42	-0,74	
30,425	-0,74	
30,43	-0,74	
30,435	-0,74	
30,44	-0,74	
30,445	-0,75	
30,45	-0,75	
30,455	-0,75	
30,46	-0,75	
30,465	-0,75	
30,47	-0,75	
30,475	-0,74	
30,48	-0,73	
30,485	-0,73	
30,49	-0,72	
30,495	-0,72	
30,5	-0,72	
30,505	-0,72	
30,51	-0,71	
30,515	-0,71	
30,52	-0,7	
30,525	-0,69	
30,53	-0,67	
30,535	-0,65	
30,54	-0,64	
30,545	-0,63	
30,55	-0,63	
30,555	-0,63	
30,56	-0,62	
30,565	-0,61	
30,57	-0,6	
30,575	-0,58	
30,58	-0,57	
30,585	-0,55	
30,59	-0,54	
30,595	-0,53	
30,6	-0,51	
30,605	-0,5	
30,61	-0,49	
30,615	-0,47	
30,62	-0,46	
30,625	-0,44	
30,63	-0,42	
30,635	-0,4	
30,64	-0,39	
30,645	-0,37	
30,65	-0,35	
30,655	-0,34	
30,66	-0,32	
30,665	-0,3	
30,67	-0,28	
30,675	-0,27	
30,68	-0,26	
30,685	-0,24	
30,69	-0,22	
30,695	-0,19	
30,7	-0,17	
30,705	-0,15	
30,71	-0,13	
30,715	-0,11	
30,72	-0,09	
30,725	-0,08	
30,73	-0,06	
30,735	-0,04	
30,74	-0,03	
30,745	-0,01	
30,75	0,02	
30,755	0,04	
30,76	0,06	
30,765	0,08	
30,77	0,1	
30,775	0,12	
30,78	0,14	
30,785	0,16	
30,79	0,17	
30,795	0,19	
30,8	0,21	
30,805	0,24	
30,81	0,26	
30,815	0,28	
30,82	0,29	
30,825	0,31	
30,83	0,33	
30,835	0,34	
30,84	0,35	
30,845	0,37	
30,85	0,38	
30,855	0,41	
30,86	0,42	
30,865	0,44	
30,87	0,46	
30,875	0,48	
30,88	0,49	
30,885	0,5	
30,89	0,51	
30,895	0,52	
30,9	0,53	
30,905	0,55	
30,91	0,56	
30,915	0,58	
30,92	0,59	
30,925	0,61	
30,93	0,62	
30,935	0,63	
30,94	0,64	
30,945	0,65	
30,95	0,66	
30,955	0,66	
30,96	0,67	
30,965	0,68	
30,97	0,69	
30,975	0,7	
30,98	0,71	
30,985	0,71	
30,99	0,71	
30,995	0,72	
31,0	0,72	
31,005	0,72	
31,01	0,72	
31,015	0,73	
31,02	0,73	
31,025	0,74	
31,03	0,75	
31,035	0,75	
31,04	0,75	
31,045	0,75	
31,05	0,74	
31,055	0,74	
31,06	0,73	
31,065	0,73	
31,07	0,73	
31,075	0,73	
31,08	0,73	
31,085	0,73	
31,09	0,73	
31,095	0,73	
31,1	0,71	
31,105	0,7	
31,11	0,69	
31,115	0,68	
31,12	0,67	
31,125	0,67	
31,13	0,66	
31,135	0,66	
31,14	0,65	
31,145	0,64	
31,15	0,63	
31,155	0,62	
31,16	0,6	
31,165	0,59	
31,17	0,57	
31,175	0,57	
31,18	0,55	
31,185	0,54	
31,19	0,53	
31,195	0,52	
31,2	0,5	
31,205	0,49	
31,21	0,47	
31,215	0,45	
31,22	0,43	
31,225	0,41	
31,23	0,4	
31,235	0,39	
31,24	0,37	
31,245	0,36	
31,25	0,34	
31,255	0,33	
31,26	0,3	
31,265	0,28	
31,27	0,26	
31,275	0,24	
31,28	0,22	
31,285	0,2	
31,29	0,19	
31,295	0,18	
31,3	0,16	
31,305	0,15	
31,31	0,13	
31,315	0,11	
31,32	0,08	
31,325	0,06	
31,33	0,03	
31,335	0,01	
31,34	-0,01	
31,345	-0,03	
31,35	-0,04	
31,355	-0,05	
31,36	-0,07	
31,365	-0,09	
31,37	-0,11	
31,375	-0,13	
31,38	-0,16	
31,385	-0,18	
31,39	-0,2	
31,395	-0,22	
31,4	-0,23	
31,405	-0,24	
31,41	-0,25	
31,415	-0,27	
31,42	-0,3	
31,425	-0,32	
31,43	-0,34	
31,435	-0,37	
31,44	-0,39	
31,445	-0,4	
31,45	-0,4	
31,455	-0,42	
31,46	-0,43	
31,465	-0,44	
31,47	-0,45	
31,475	-0,48	
31,48	-0,5	
31,485	-0,51	
31,49	-0,53	
31,495	-0,54	
31,5	-0,55	
31,505	-0,56	
31,51	-0,57	
31,515	-0,58	
31,52	-0,59	
31,525	-0,6	
31,53	-0,62	
31,535	-0,63	
31,54	-0,64	
31,545	-0,65	
31,55	-0,66	
31,555	-0,67	
31,56	-0,68	
31,565	-0,68	
31,57	-0,68	
31,575	-0,69	
31,58	-0,69	
31,585	-0,71	
31,59	-0,71	
31,595	-0,72	
31,6	-0,73	
31,605	-0,73	
31,61	-0,73	
31,615	-0,73	
31,62	-0,73	
31,625	-0,73	
31,63	-0,72	
31,635	-0,72	
31,64	-0,73	
31,645	-0,73	
31,65	-0,73	
31,655	-0,73	
31,66	-0,73	
31,665	-0,73	
31,67	-0,72	
31,675	-0,71	
31,68	-0,71	
31,685	-0,7	
31,69	-0,7	
31,695	-0,7	
31,7	-0,69	
31,705	-0,69	
31,71	-0,69	
31,715	-0,68	
31,72	-0,67	
31,725	-0,66	
31,73	-0,64	
31,735	-0,63	
31,74	-0,62	
31,745	-0,61	
31,75	-0,61	
31,755	-0,6	
31,76	-0,6	
31,765	-0,58	
31,77	-0,57	
31,775	-0,55	
31,78	-0,53	
31,785	-0,52	
31,79	-0,5	
31,795	-0,49	
31,8	-0,48	
31,805	-0,47	
31,81	-0,45	
31,815	-0,44	
31,82	-0,42	
31,825	-0,4	
31,83	-0,38	
31,835	-0,37	
31,84	-0,35	
31,845	-0,33	
31,85	-0,32	
31,855	-0,3	
31,86	-0,28	
31,865	-0,26	
31,87	-0,25	
31,875	-0,23	
31,88	-0,22	
31,885	-0,2	
31,89	-0,18	
31,895	-0,16	
31,9	-0,14	
31,905	-0,11	
31,91	-0,09	
31,915	-0,07	
31,92	-0,06	
31,925	-0,04	
31,93	-0,03	
31,935	-0,01	
31,94	0,01	
31,945	0,03	
31,95	0,05	
31,955	0,08	
31,96	0,1	
31,965	0,12	
31,97	0,14	
31,975	0,15	
31,98	0,16	
31,985	0,18	
31,99	0,2	
31,995	0,22	
32,0	0,25	
32,005	0,27	
32,01	0,29	
32,015	0,3	
32,02	0,32	
32,025	0,33	
32,03	0,34	
32,035	0,36	
32,04	0,38	
32,045	0,39	
32,05	0,41	
32,055	0,43	
32,06	0,45	
32,065	0,46	
32,07	0,48	
32,075	0,49	
32,08	0,5	
32,085	0,51	
32,09	0,52	
32,095	0,53	
32,1	0,55	
32,105	0,56	
32,11	0,58	
32,115	0,59	
32,12	0,6	
32,125	0,61	
32,13	0,62	
32,135	0,63	
32,14	0,64	
32,145	0,65	
32,15	0,65	
32,155	0,66	
32,16	0,67	
32,165	0,68	
32,17	0,69	
32,175	0,7	
32,18	0,71	
32,185	0,71	
32,19	0,71	
32,195	0,71	
32,2	0,71	
32,205	0,71	
32,21	0,71	
32,215	0,72	
32,22	0,73	
32,225	0,73	
32,23	0,74	
32,235	0,74	
32,24	0,73	
32,245	0,73	
32,25	0,72	
32,255	0,71	
32,26	0,71	
32,265	0,71	
32,27	0,71	
32,275	0,71	
32,28	0,72	
32,285	0,71	
32,29	0,71	
32,295	0,7	
32,3	0,69	
32,305	0,67	
32,31	0,66	
32,315	0,65	
32,32	0,65	
32,325	0,65	
32,33	0,65	
32,335	0,63	
32,34	0,63	
32,345	0,61	
32,35	0,6	
32,355	0,59	
32,36	0,57	
32,365	0,56	
32,37	0,55	
32,375	0,53	
32,38	0,53	
32,385	0,51	
32,39	0,49	
32,395	0,48	
32,4	0,46	
32,405	0,44	
32,41	0,43	
32,415	0,41	
32,42	0,4	
32,425	0,38	
32,43	0,37	
32,435	0,36	
32,44	0,34	
32,445	0,33	
32,45	0,31	
32,455	0,29	
32,46	0,27	
32,465	0,25	
32,47	0,22	
32,475	0,2	
32,48	0,19	
32,485	0,17	
32,49	0,15	
32,495	0,14	
32,5	0,12	
32,505	0,11	
32,51	0,09	
32,515	0,07	
32,52	0,05	
32,525	0,02	
32,53	0	
32,535	-0,02	
32,54	-0,03	
32,545	-0,05	
32,55	-0,06	
32,555	-0,09	
32,56	-0,1	
32,565	-0,12	
32,57	-0,15	
32,575	-0,17	
32,58	-0,19	
32,585	-0,21	
32,59	-0,23	
32,595	-0,24	
32,6	-0,25	
32,605	-0,26	
32,61	-0,28	
32,615	-0,3	
32,62	-0,32	
32,625	-0,35	
32,63	-0,37	
32,635	-0,4	
32,64	-0,41	
32,645	-0,42	
32,65	-0,43	
32,655	-0,44	
32,66	-0,45	
32,665	-0,47	
32,67	-0,48	
32,675	-0,5	
32,68	-0,52	
32,685	-0,54	
32,69	-0,55	
32,695	-0,56	
32,7	-0,56	
32,705	-0,57	
32,71	-0,58	
32,715	-0,6	
32,72	-0,61	
32,725	-0,62	
32,73	-0,64	
32,735	-0,65	
32,74	-0,65	
32,745	-0,66	
32,75	-0,67	
32,755	-0,67	
32,76	-0,68	
32,765	-0,68	
32,77	-0,68	
32,775	-0,69	
32,78	-0,7	
32,785	-0,71	
32,79	-0,71	
32,795	-0,72	
32,8	-0,73	
32,805	-0,73	
32,81	-0,73	
32,815	-0,73	
32,82	-0,72	
32,825	-0,72	
32,83	-0,72	
32,835	-0,72	
32,84	-0,72	
32,845	-0,73	
32,85	-0,73	
32,855	-0,73	
32,86	-0,72	
32,865	-0,72	
32,87	-0,7	
32,875	-0,69	
32,88	-0,69	
32,885	-0,68	
32,89	-0,68	
32,895	-0,68	
32,9	-0,68	
32,905	-0,67	
32,91	-0,67	
32,915	-0,66	
32,92	-0,64	
32,925	-0,63	
32,93	-0,62	
32,935	-0,61	
32,94	-0,6	
32,945	-0,6	
32,95	-0,59	
32,955	-0,57	
32,96	-0,56	
32,965	-0,55	
32,97	-0,53	
32,975	-0,52	
32,98	-0,5	
32,985	-0,49	
32,99	-0,48	
32,995	-0,46	
33,0	-0,45	
33,005	-0,44	
33,01	-0,43	
33,015	-0,41	
33,02	-0,4	
33,025	-0,38	
33,03	-0,36	
33,035	-0,34	
33,04	-0,32	
33,045	-0,3	
33,05	-0,28	
33,055	-0,27	
33,06	-0,25	
33,065	-0,23	
33,07	-0,22	
33,075	-0,2	
33,08	-0,18	
33,085	-0,16	
33,09	-0,14	
33,095	-0,12	
33,1	-0,1	
33,105	-0,08	
33,11	-0,07	
33,115	-0,05	
33,12	-0,03	
33,125	-0,02	
33,13	0,01	
33,135	0,03	
33,14	0,05	
33,145	0,07	
33,15	0,1	
33,155	0,12	
33,16	0,13	
33,165	0,15	
33,17	0,16	
33,175	0,17	
33,18	0,19	
33,185	0,21	
33,19	0,23	
33,195	0,25	
33,2	0,28	
33,205	0,3	
33,21	0,32	
33,215	0,33	
33,22	0,35	
33,225	0,36	
33,23	0,37	
33,235	0,38	
33,24	0,4	
33,245	0,42	
33,25	0,44	
33,255	0,46	
33,26	0,47	
33,265	0,49	
33,27	0,5	
33,275	0,51	
33,28	0,53	
33,285	0,54	
33,29	0,55	
33,295	0,56	
33,3	0,58	
33,305	0,59	
33,31	0,6	
33,315	0,61	
33,32	0,62	
33,325	0,63	
33,33	0,64	
33,335	0,64	
33,34	0,65	
33,345	0,66	
33,35	0,66	
33,355	0,67	
33,36	0,68	
33,365	0,69	
33,37	0,7	
33,375	0,71	
33,38	0,71	
33,385	0,72	
33,39	0,72	
33,395	0,72	
33,4	0,72	
33,405	0,72	
33,41	0,72	
33,415	0,73	
33,42	0,73	
33,425	0,74	
33,43	0,74	
33,435	0,73	
33,44	0,72	
33,445	0,72	
33,45	0,71	
33,455	0,7	
33,46	0,7	
33,465	0,7	
33,47	0,71	
33,475	0,71	
33,48	0,71	
33,485	0,7	
33,49	0,69	
33,495	0,68	
33,5	0,66	
33,505	0,65	
33,51	0,64	
33,515	0,64	
33,52	0,63	
33,525	0,63	
33,53	0,63	
33,535	0,62	
33,54	0,61	
33,545	0,58	
33,55	0,57	
33,555	0,55	
33,56	0,53	
33,565	0,52	
33,57	0,51	
33,575	0,51	
33,58	0,5	
33,585	0,49	
33,59	0,48	
33,595	0,46	
33,6	0,44	
33,605	0,41	
33,61	0,39	
33,615	0,38	
33,62	0,37	
33,625	0,36	
33,63	0,35	
33,635	0,33	
33,64	0,31	
33,645	0,29	
33,65	0,27	
33,655	0,25	
33,66	0,23	
33,665	0,21	
33,67	0,19	
33,675	0,17	
33,68	0,16	
33,685	0,14	
33,69	0,12	
33,695	0,11	
33,7	0,09	
33,705	0,07	
33,71	0,05	
33,715	0,02	
33,72	0	
33,725	-0,02	
33,73	-0,04	
33,735	-0,05	
33,74	-0,06	
33,745	-0,08	
33,75	-0,1	
33,755	-0,12	
33,76	-0,14	
33,765	-0,18	
33,77	-0,2	
33,775	-0,22	
33,78	-0,23	
33,785	-0,24	
33,79	-0,26	
33,795	-0,27	
33,8	-0,28	
33,805	-0,29	
33,81	-0,32	
33,815	-0,34	
33,82	-0,36	
33,825	-0,38	
33,83	-0,4	
33,835	-0,42	
33,84	-0,43	
33,845	-0,44	
33,85	-0,45	
33,855	-0,46	
33,86	-0,48	
33,865	-0,49	
33,87	-0,51	
33,875	-0,52	
33,88	-0,54	
33,885	-0,55	
33,89	-0,56	
33,895	-0,57	
33,9	-0,58	
33,905	-0,59	
33,91	-0,6	
33,915	-0,61	
33,92	-0,62	
33,925	-0,64	
33,93	-0,65	
33,935	-0,66	
33,94	-0,67	
33,945	-0,68	
33,95	-0,68	
33,955	-0,68	
33,96	-0,69	
33,965	-0,69	
33,97	-0,7	
33,975	-0,71	
33,98	-0,71	
33,985	-0,72	
33,99	-0,73	
33,995	-0,73	
34,0	-0,73	
34,005	-0,73	
34,01	-0,72	
34,015	-0,72	
34,02	-0,72	
34,025	-0,72	
34,03	-0,73	
34,035	-0,73	
34,04	-0,73	
34,045	-0,74	
34,05	-0,73	
34,055	-0,72	
34,06	-0,72	
34,065	-0,7	
34,07	-0,69	
34,075	-0,69	
34,08	-0,69	
34,085	-0,68	
34,09	-0,69	
34,095	-0,68	
34,1	-0,67	
34,105	-0,66	
34,11	-0,65	
34,115	-0,64	
34,12	-0,62	
34,125	-0,61	
34,13	-0,6	
34,135	-0,6	
34,14	-0,59	
34,145	-0,58	
34,15	-0,57	
34,155	-0,56	
34,16	-0,54	
34,165	-0,53	
34,17	-0,51	
34,175	-0,5	
34,18	-0,49	
34,185	-0,47	
34,19	-0,46	
34,195	-0,44	
34,2	-0,43	
34,205	-0,41	
34,21	-0,4	
34,215	-0,38	
34,22	-0,36	
34,225	-0,34	
34,23	-0,33	
34,235	-0,31	
34,24	-0,29	
34,245	-0,27	
34,25	-0,25	
34,255	-0,23	
34,26	-0,21	
34,265	-0,2	
34,27	-0,18	
34,275	-0,17	
34,28	-0,15	
34,285	-0,13	
34,29	-0,1	
34,295	-0,08	
34,3	-0,06	
34,305	-0,04	
34,31	-0,03	
34,315	-0,01	
34,32	0	
34,325	0,01	
34,33	0,04	
34,335	0,06	
34,34	0,09	
34,345	0,11	
34,35	0,13	
34,355	0,15	
34,36	0,17	
34,365	0,18	
34,37	0,2	
34,375	0,21	
34,38	0,23	
34,385	0,25	
34,39	0,27	
34,395	0,29	
34,4	0,31	
34,405	0,33	
34,41	0,35	
34,415	0,36	
34,42	0,38	
34,425	0,39	
34,43	0,4	
34,435	0,42	
34,44	0,44	
34,445	0,46	
34,45	0,47	
34,455	0,49	
34,46	0,5	
34,465	0,52	
34,47	0,53	
34,475	0,54	
34,48	0,55	
34,485	0,56	
34,49	0,57	
34,495	0,59	
34,5	0,6	
34,505	0,61	
34,51	0,63	
34,515	0,64	
34,52	0,64	
34,525	0,65	
34,53	0,65	
34,535	0,66	
34,54	0,67	
34,545	0,68	
34,55	0,68	
34,555	0,69	
34,56	0,7	
34,565	0,71	
34,57	0,72	
34,575	0,72	
34,58	0,72	
34,585	0,72	
34,59	0,72	
34,595	0,72	
34,6	0,73	
34,605	0,73	
34,61	0,73	
34,615	0,74	
34,62	0,74	
34,625	0,74	
34,63	0,73	
34,635	0,73	
34,64	0,72	
34,645	0,72	
34,65	0,71	
34,655	0,71	
34,66	0,71	
34,665	0,71	
34,67	0,71	
34,675	0,7	
34,68	0,7	
34,685	0,69	
34,69	0,68	
34,695	0,66	
34,7	0,65	
34,705	0,65	
34,71	0,64	
34,715	0,64	
34,72	0,64	
34,725	0,63	
34,73	0,62	
34,735	0,6	
34,74	0,58	
34,745	0,56	
34,75	0,55	
34,755	0,53	
34,76	0,52	
34,765	0,52	
34,77	0,51	
34,775	0,5	
34,78	0,49	
34,785	0,47	
34,79	0,45	
34,795	0,43	
34,8	0,41	
34,805	0,39	
34,81	0,37	
34,815	0,35	
34,82	0,34	
34,825	0,33	
34,83	0,31	
34,835	0,3	
34,84	0,28	
34,845	0,26	
34,85	0,24	
34,855	0,22	
34,86	0,2	
34,865	0,18	
34,87	0,16	
34,875	0,15	
34,88	0,13	
34,885	0,12	
34,89	0,1	
34,895	0,07	
34,9	0,05	
34,905	0,03	
34,91	0,01	
34,915	-0,02	
34,92	-0,04	
34,925	-0,05	
34,93	-0,07	
34,935	-0,08	
34,94	-0,09	
34,945	-0,11	
34,95	-0,13	
34,955	-0,15	
34,96	-0,18	
34,965	-0,2	
34,97	-0,23	
34,975	-0,24	
34,98	-0,26	
34,985	-0,27	
34,99	-0,28	
34,995	-0,29	
35,0	-0,31	
35,005	-0,33	
35,01	-0,36	
35,015	-0,38	
35,02	-0,4	
35,025	-0,42	
35,03	-0,43	
35,035	-0,44	
35,04	-0,44	
35,045	-0,45	
35,05	-0,47	
35,055	-0,49	
35,06	-0,52	
35,065	-0,54	
35,07	-0,56	
35,075	-0,56	
35,08	-0,57	
35,085	-0,58	
35,09	-0,59	
35,095	-0,59	
35,1	-0,61	
35,105	-0,62	
35,11	-0,63	
35,115	-0,64	
35,12	-0,65	
35,125	-0,66	
35,13	-0,67	
35,135	-0,68	
35,14	-0,68	
35,145	-0,69	
35,15	-0,69	
35,155	-0,69	
35,16	-0,7	
35,165	-0,71	
35,17	-0,71	
35,175	-0,72	
35,18	-0,73	
35,185	-0,73	
35,19	-0,74	
35,195	-0,74	
35,2	-0,74	
35,205	-0,73	
35,21	-0,73	
35,215	-0,73	
35,22	-0,73	
35,225	-0,74	
35,23	-0,74	
35,235	-0,74	
35,24	-0,74	
35,245	-0,73	
35,25	-0,73	
35,255	-0,72	
35,26	-0,71	
35,265	-0,7	
35,27	-0,7	
35,275	-0,69	
35,28	-0,69	
35,285	-0,69	
35,29	-0,68	
35,295	-0,68	
35,3	-0,66	
35,305	-0,65	
35,31	-0,63	
35,315	-0,63	
35,32	-0,61	
35,325	-0,61	
35,33	-0,6	
35,335	-0,59	
35,34	-0,58	
35,345	-0,57	
35,35	-0,55	
35,355	-0,54	
35,36	-0,53	
35,365	-0,52	
35,37	-0,5	
35,375	-0,49	
35,38	-0,46	
35,385	-0,45	
35,39	-0,44	
35,395	-0,42	
35,4	-0,41	
35,405	-0,39	
35,41	-0,37	
35,415	-0,36	
35,42	-0,34	
35,425	-0,32	
35,43	-0,31	
35,435	-0,29	
35,44	-0,27	
35,445	-0,25	
35,45	-0,23	
35,455	-0,22	
35,46	-0,2	
35,465	-0,18	
35,47	-0,16	
35,475	-0,14	
35,48	-0,12	
35,485	-0,1	
35,49	-0,07	
35,495	-0,05	
35,5	-0,04	
35,505	-0,02	
35,51	-0,01	
35,515	0,01	
35,52	0,03	
35,525	0,04	
35,53	0,07	
35,535	0,09	
35,54	0,11	
35,545	0,14	
35,55	0,16	
35,555	0,18	
35,56	0,19	
35,565	0,21	
35,57	0,23	
35,575	0,24	
35,58	0,26	
35,585	0,28	
35,59	0,3	
35,595	0,32	
35,6	0,34	
35,605	0,35	
35,61	0,37	
35,615	0,38	
35,62	0,39	
35,625	0,42	
35,63	0,44	
35,635	0,45	
35,64	0,47	
35,645	0,49	
35,65	0,51	
35,655	0,52	
35,66	0,53	
35,665	0,54	
35,67	0,55	
35,675	0,56	
35,68	0,57	
35,685	0,58	
35,69	0,6	
35,695	0,61	
35,7	0,62	
35,705	0,64	
35,71	0,65	
35,715	0,66	
35,72	0,66	
35,725	0,67	
35,73	0,68	
35,735	0,68	
35,74	0,69	
35,745	0,7	
35,75	0,71	
35,755	0,71	
35,76	0,72	
35,765	0,73	
35,77	0,73	
35,775	0,73	
35,78	0,73	
35,785	0,73	
35,79	0,73	
35,795	0,74	
35,8	0,74	
35,805	0,75	
35,81	0,75	
35,815	0,75	
35,82	0,75	
35,825	0,75	
35,83	0,74	
35,835	0,73	
35,84	0,73	
35,845	0,72	
35,85	0,72	
35,855	0,72	
35,86	0,72	
35,865	0,72	
35,87	0,71	
35,875	0,7	
35,88	0,69	
35,885	0,68	
35,89	0,67	
35,895	0,66	
35,9	0,65	
35,905	0,64	
35,91	0,64	
35,915	0,63	
35,92	0,63	
35,925	0,62	
35,93	0,61	
35,935	0,59	
35,94	0,58	
35,945	0,56	
35,95	0,53	
35,955	0,52	
35,96	0,51	
35,965	0,5	
35,97	0,49	
35,975	0,48	
35,98	0,47	
35,985	0,46	
35,99	0,44	
35,995	0,42	
36,0	0,4	
36,005	0,38	
36,01	0,35	
36,015	0,34	
36,02	0,33	
36,025	0,31	
36,03	0,3	
36,035	0,28	
36,04	0,27	
36,045	0,24	
36,05	0,22	
36,055	0,2	
36,06	0,17	
36,065	0,15	
36,07	0,14	
36,075	0,12	
36,08	0,11	
36,085	0,1	
36,09	0,09	
36,095	0,06	
36,1	0,04	
36,105	0,02	
36,11	-0,02	
36,115	-0,05	
36,12	-0,06	
36,125	-0,08	
36,13	-0,09	
36,135	-0,1	
36,14	-0,12	
36,145	-0,14	
36,15	-0,16	
36,155	-0,18	
36,16	-0,21	
36,165	-0,23	
36,17	-0,25	
36,175	-0,26	
36,18	-0,27	
36,185	-0,28	
36,19	-0,3	
36,195	-0,32	
36,2	-0,35	
36,205	-0,37	
36,21	-0,4	
36,215	-0,42	
36,22	-0,43	
36,225	-0,44	
36,23	-0,44	
36,235	-0,45	
36,24	-0,46	
36,245	-0,48	
36,25	-0,5	
36,255	-0,52	
36,26	-0,54	
36,265	-0,56	
36,27	-0,58	
36,275	-0,58	
36,28	-0,59	
36,285	-0,59	
36,29	-0,6	
36,295	-0,62	
36,3	-0,63	
36,305	-0,64	
36,31	-0,66	
36,315	-0,67	
36,32	-0,68	
36,325	-0,68	
36,33	-0,69	
36,335	-0,69	
36,34	-0,69	
36,345	-0,7	
36,35	-0,71	
36,355	-0,72	
36,36	-0,72	
36,365	-0,73	
36,37	-0,73	
36,375	-0,73	
36,38	-0,74	
36,385	-0,74	
36,39	-0,74	
36,395	-0,75	
36,4	-0,75	
36,405	-0,75	
36,41	-0,75	
36,415	-0,75	
36,42	-0,74	
36,425	-0,74	
36,43	-0,74	
36,435	-0,74	
36,44	-0,74	
36,445	-0,74	
36,45	-0,73	
36,455	-0,73	
36,46	-0,72	
36,465	-0,71	
36,47	-0,7	
36,475	-0,69	
36,48	-0,69	
36,485	-0,69	
36,49	-0,68	
36,495	-0,67	
36,5	-0,67	
36,505	-0,65	
36,51	-0,64	
36,515	-0,63	
36,52	-0,62	
36,525	-0,61	
36,53	-0,6	
36,535	-0,58	
36,54	-0,57	
36,545	-0,56	
36,55	-0,55	
36,555	-0,53	
36,56	-0,52	
36,565	-0,5	
36,57	-0,49	
36,575	-0,47	
36,58	-0,46	
36,585	-0,44	
36,59	-0,43	
36,595	-0,41	
36,6	-0,4	
36,605	-0,38	
36,61	-0,36	
36,615	-0,34	
36,62	-0,32	
36,625	-0,3	
36,63	-0,28	
36,635	-0,27	
36,64	-0,25	
36,645	-0,24	
36,65	-0,22	
36,655	-0,21	
36,66	-0,19	
36,665	-0,16	
36,67	-0,14	
36,675	-0,11	
36,68	-0,09	
36,685	-0,07	
36,69	-0,06	
36,695	-0,04	
36,7	-0,03	
36,705	-0,01	
36,71	0,01	
36,715	0,03	
36,72	0,05	
36,725	0,08	
36,73	0,1	
36,735	0,12	
36,74	0,13	
36,745	0,15	
36,75	0,17	
36,755	0,19	
36,76	0,21	
36,765	0,23	
36,77	0,25	
36,775	0,27	
36,78	0,29	
36,785	0,31	
36,79	0,33	
36,795	0,34	
36,8	0,36	
36,805	0,37	
36,81	0,39	
36,815	0,4	
36,82	0,42	
36,825	0,44	
36,83	0,45	
36,835	0,47	
36,84	0,49	
36,845	0,5	
36,85	0,51	
36,855	0,53	
36,86	0,54	
36,865	0,56	
36,87	0,57	
36,875	0,59	
36,88	0,6	
36,885	0,61	
36,89	0,62	
36,895	0,63	
36,9	0,64	
36,905	0,65	
36,91	0,66	
36,915	0,67	
36,92	0,69	
36,925	0,69	
36,93	0,69	
36,935	0,69	
36,94	0,7	
36,945	0,71	
36,95	0,72	
36,955	0,73	
36,96	0,74	
36,965	0,74	
36,97	0,74	
36,975	0,74	
36,98	0,74	
36,985	0,74	
36,99	0,74	
36,995	0,74	
37,0	0,75	
37,005	0,75	
37,01	0,76	
37,015	0,76	
37,02	0,75	
37,025	0,75	
37,03	0,74	
37,035	0,73	
37,04	0,72	
37,045	0,72	
37,05	0,73	
37,055	0,73	
37,06	0,73	
37,065	0,73	
37,07	0,72	
37,075	0,71	
37,08	0,69	
37,085	0,67	
37,09	0,66	
37,095	0,66	
37,1	0,66	
37,105	0,65	
37,11	0,65	
37,115	0,64	
37,12	0,63	
37,125	0,61	
37,13	0,6	
37,135	0,58	
37,14	0,56	
37,145	0,55	
37,15	0,54	
37,155	0,53	
37,16	0,52	
37,165	0,51	
37,17	0,49	
37,175	0,47	
37,18	0,45	
37,185	0,43	
37,19	0,41	
37,195	0,4	
37,2	0,38	
37,205	0,37	
37,21	0,35	
37,215	0,34	
37,22	0,33	
37,225	0,31	
37,23	0,29	
37,235	0,27	
37,24	0,24	
37,245	0,22	
37,25	0,2	
37,255	0,19	
37,26	0,17	
37,265	0,15	
37,27	0,14	
37,275	0,12	
37,28	0,1	
37,285	0,08	
37,29	0,06	
37,295	0,04	
37,3	0,02	
37,305	0	
37,31	-0,02	
37,315	-0,04	
37,32	-0,07	
37,325	-0,09	
37,33	-0,11	
37,335	-0,12	
37,34	-0,15	
37,345	-0,17	
37,35	-0,18	
37,355	-0,21	
37,36	-0,23	
37,365	-0,25	
37,37	-0,26	
37,375	-0,28	
37,38	-0,3	
37,385	-0,31	
37,39	-0,32	
37,395	-0,34	
37,4	-0,36	
37,405	-0,39	
37,41	-0,41	
37,415	-0,42	
37,42	-0,44	
37,425	-0,45	
37,43	-0,46	
37,435	-0,47	
37,44	-0,48	
37,445	-0,5	
37,45	-0,51	
37,455	-0,53	
37,46	-0,55	
37,465	-0,57	
37,47	-0,58	
37,475	-0,59	
37,48	-0,59	
37,485	-0,61	
37,49	-0,62	
37,495	-0,63	
37,5	-0,64	
37,505	-0,65	
37,51	-0,67	
37,515	-0,68	
37,52	-0,69	
37,525	-0,7	
37,53	-0,7	
37,535	-0,7	
37,54	-0,71	
37,545	-0,71	
37,55	-0,72	
37,555	-0,72	
37,56	-0,73	
37,565	-0,74	
37,57	-0,75	
37,575	-0,75	
37,58	-0,76	
37,585	-0,76	
37,59	-0,75	
37,595	-0,74	
37,6	-0,74	
37,605	-0,74	
37,61	-0,74	
37,615	-0,75	
37,62	-0,75	
37,625	-0,75	
37,63	-0,75	
37,635	-0,75	
37,64	-0,74	
37,645	-0,72	
37,65	-0,72	
37,655	-0,72	
37,66	-0,71	
37,665	-0,71	
37,67	-0,71	
37,675	-0,71	
37,68	-0,7	
37,685	-0,69	
37,69	-0,68	
37,695	-0,67	
37,7	-0,65	
37,705	-0,64	
37,71	-0,63	
37,715	-0,62	
37,72	-0,62	
37,725	-0,61	
37,73	-0,6	
37,735	-0,58	
37,74	-0,57	
37,745	-0,55	
37,75	-0,53	
37,755	-0,52	
37,76	-0,51	
37,765	-0,5	
37,77	-0,49	
37,775	-0,48	
37,78	-0,46	
37,785	-0,44	
37,79	-0,42	
37,795	-0,4	
37,8	-0,38	
37,805	-0,36	
37,81	-0,35	
37,815	-0,34	
37,82	-0,32	
37,825	-0,3	
37,83	-0,28	
37,835	-0,26	
37,84	-0,23	
37,845	-0,21	
37,85	-0,2	
37,855	-0,19	
37,86	-0,18	
37,865	-0,16	
37,87	-0,14	
37,875	-0,12	
37,88	-0,1	
37,885	-0,07	
37,89	-0,04	
37,895	-0,02	
37,9	0	
37,905	0,01	
37,91	0,02	
37,915	0,04	
37,92	0,06	
37,925	0,08	
37,93	0,11	
37,935	0,13	
37,94	0,16	
37,945	0,17	
37,95	0,19	
37,955	0,2	
37,96	0,22	
37,965	0,23	
37,97	0,26	
37,975	0,28	
37,98	0,31	
37,985	0,33	
37,99	0,35	
37,995	0,36	
38,0	0,37	
38,005	0,38	
38,01	0,4	
38,015	0,41	
38,02	0,43	
38,025	0,45	
38,03	0,47	
38,035	0,49	
38,04	0,51	
38,045	0,52	
38,05	0,54	
38,055	0,54	
38,06	0,55	
38,065	0,56	
38,07	0,57	
38,075	0,59	
38,08	0,6	
38,085	0,62	
38,09	0,63	
38,095	0,64	
38,1	0,65	
38,105	0,66	
38,11	0,66	
38,115	0,67	
38,12	0,68	
38,125	0,69	
38,13	0,7	
38,135	0,71	
38,14	0,72	
38,145	0,73	
38,15	0,73	
38,155	0,73	
38,16	0,73	
38,165	0,73	
38,17	0,73	
38,175	0,74	
38,18	0,74	
38,185	0,75	
38,19	0,76	
38,195	0,76	
38,2	0,76	
38,205	0,75	
38,21	0,75	
38,215	0,74	
38,22	0,74	
38,225	0,74	
38,23	0,74	
38,235	0,74	
38,24	0,74	
38,245	0,73	
38,25	0,73	
38,255	0,72	
38,26	0,72	
38,265	0,71	
38,27	0,7	
38,275	0,7	
38,28	0,69	
38,285	0,68	
38,29	0,67	
38,295	0,66	
38,3	0,66	
38,305	0,65	
38,31	0,64	
38,315	0,63	
38,32	0,61	
38,325	0,6	
38,33	0,59	
38,335	0,57	
38,34	0,56	
38,345	0,55	
38,35	0,54	
38,355	0,53	
38,36	0,52	
38,365	0,5	
38,37	0,48	
38,375	0,46	
38,38	0,44	
38,385	0,43	
38,39	0,41	
38,395	0,39	
38,4	0,37	
38,405	0,36	
38,41	0,35	
38,415	0,33	
38,42	0,32	
38,425	0,3	
38,43	0,28	
38,435	0,26	
38,44	0,24	
38,445	0,22	
38,45	0,19	
38,455	0,17	
38,46	0,15	
38,465	0,14	
38,47	0,13	
38,475	0,11	
38,48	0,09	
38,485	0,07	
38,49	0,05	
38,495	0,02	
38,5	0	
38,505	-0,03	
38,51	-0,04	
38,515	-0,06	
38,52	-0,07	
38,525	-0,08	
38,53	-0,09	
38,535	-0,13	
38,54	-0,15	
38,545	-0,18	
38,55	-0,2	
38,555	-0,23	
38,56	-0,25	
38,565	-0,26	
38,57	-0,26	
38,575	-0,27	
38,58	-0,29	
38,585	-0,3	
38,59	-0,33	
38,595	-0,35	
38,6	-0,38	
38,605	-0,4	
38,61	-0,42	
38,615	-0,44	
38,62	-0,44	
38,625	-0,45	
38,63	-0,46	
38,635	-0,48	
38,64	-0,5	
38,645	-0,52	
38,65	-0,54	
38,655	-0,55	
38,66	-0,57	
38,665	-0,58	
38,67	-0,58	
38,675	-0,59	
38,68	-0,6	
38,685	-0,61	
38,69	-0,62	
38,695	-0,64	
38,7	-0,66	
38,705	-0,67	
38,71	-0,67	
38,715	-0,68	
38,72	-0,68	
38,725	-0,69	
38,73	-0,69	
38,735	-0,7	
38,74	-0,71	
38,745	-0,72	
38,75	-0,73	
38,755	-0,73	
38,76	-0,74	
38,765	-0,74	
38,77	-0,74	
38,775	-0,75	
38,78	-0,75	
38,785	-0,75	
38,79	-0,75	
38,795	-0,75	
38,8	-0,75	
38,805	-0,75	
38,81	-0,75	
38,815	-0,75	
38,82	-0,75	
38,825	-0,75	
38,83	-0,74	
38,835	-0,74	
38,84	-0,73	
38,845	-0,73	
38,85	-0,72	
38,855	-0,72	
38,86	-0,71	
38,865	-0,7	
38,87	-0,7	
38,875	-0,69	
38,88	-0,68	
38,885	-0,68	
38,89	-0,67	
38,895	-0,66	
38,9	-0,65	
38,905	-0,64	
38,91	-0,63	
38,915	-0,61	
38,92	-0,61	
38,925	-0,6	
38,93	-0,59	
38,935	-0,58	
38,94	-0,56	
38,945	-0,54	
38,95	-0,53	
38,955	-0,51	
38,96	-0,5	
38,965	-0,48	
38,97	-0,47	
38,975	-0,45	
38,98	-0,44	
38,985	-0,43	
38,99	-0,41	
38,995	-0,4	
39,0	-0,38	
39,005	-0,36	
39,01	-0,34	
39,015	-0,32	
39,02	-0,29	
39,025	-0,27	
39,03	-0,26	
39,035	-0,25	
39,04	-0,23	
39,045	-0,22	
39,05	-0,2	
39,055	-0,18	
39,06	-0,16	
39,065	-0,14	
39,07	-0,11	
39,075	-0,09	
39,08	-0,08	
39,085	-0,06	
39,09	-0,04	
39,095	-0,03	
39,1	0	
39,105	0,02	
39,11	0,04	
39,115	0,07	
39,12	0,09	
39,125	0,11	
39,13	0,12	
39,135	0,14	
39,14	0,15	
39,145	0,17	
39,15	0,19	
39,155	0,21	
39,16	0,23	
39,165	0,25	
39,17	0,27	
39,175	0,29	
39,18	0,31	
39,185	0,33	
39,19	0,34	
39,195	0,36	
39,2	0,38	
39,205	0,39	
39,21	0,41	
39,215	0,43	
39,22	0,44	
39,225	0,46	
39,23	0,47	
39,235	0,48	
39,24	0,5	
39,245	0,51	
39,25	0,52	
39,255	0,54	
39,26	0,56	
39,265	0,57	
39,27	0,59	
39,275	0,6	
39,28	0,61	
39,285	0,62	
39,29	0,63	
39,295	0,64	
39,3	0,65	
39,305	0,66	
39,31	0,67	
39,315	0,68	
39,32	0,68	
39,325	0,69	
39,33	0,69	
39,335	0,7	
39,34	0,71	
39,345	0,72	
39,35	0,73	
39,355	0,73	
39,36	0,73	
39,365	0,73	
39,37	0,73	
39,375	0,72	
39,38	0,73	
39,385	0,73	
39,39	0,74	
39,395	0,75	
39,4	0,75	
39,405	0,75	
39,41	0,75	
39,415	0,74	
39,42	0,73	
39,425	0,72	
39,43	0,72	
39,435	0,73	
39,44	0,73	
39,445	0,73	
39,45	0,73	
39,455	0,73	
39,46	0,72	
39,465	0,7	
39,47	0,69	
39,475	0,68	
39,48	0,67	
39,485	0,66	
39,49	0,66	
39,495	0,66	
39,5	0,65	
39,505	0,64	
39,51	0,63	
39,515	0,61	
39,52	0,59	
39,525	0,58	
39,53	0,56	
39,535	0,55	
39,54	0,54	
39,545	0,53	
39,55	0,53	
39,555	0,52	
39,56	0,5	
39,565	0,49	
39,57	0,47	
39,575	0,45	
39,58	0,43	
39,585	0,4	
39,59	0,39	
39,595	0,38	
39,6	0,37	
39,605	0,36	
39,61	0,34	
39,615	0,32	
39,62	0,3	
39,625	0,28	
39,63	0,25	
39,635	0,24	
39,64	0,22	
39,645	0,2	
39,65	0,19	
39,655	0,17	
39,66	0,16	
39,665	0,13	
39,67	0,11	
39,675	0,09	
39,68	0,06	
39,685	0,05	
39,69	0,02	
39,695	0	
39,7	-0,02	
39,705	-0,03	
39,71	-0,05	
39,715	-0,07	
39,72	-0,08	
39,725	-0,1	
39,73	-0,12	
39,735	-0,14	
39,74	-0,16	
39,745	-0,19	
39,75	-0,21	
39,755	-0,23	
39,76	-0,24	
39,765	-0,25	
39,77	-0,27	
39,775	-0,28	
39,78	-0,3	
39,785	-0,32	
39,79	-0,34	
39,795	-0,36	
39,8	-0,38	
39,805	-0,4	
39,81	-0,41	
39,815	-0,43	
39,82	-0,44	
39,825	-0,45	
39,83	-0,47	
39,835	-0,49	
39,84	-0,5	
39,845	-0,52	
39,85	-0,54	
39,855	-0,55	
39,86	-0,56	
39,865	-0,57	
39,87	-0,58	
39,875	-0,59	
39,88	-0,6	
39,885	-0,61	
39,89	-0,62	
39,895	-0,63	
39,9	-0,65	
39,905	-0,66	
39,91	-0,67	
39,915	-0,68	
39,92	-0,68	
39,925	-0,69	
39,93	-0,69	
39,935	-0,69	
39,94	-0,7	
39,945	-0,7	
39,95	-0,71	
39,955	-0,72	
39,96	-0,73	
39,965	-0,74	
39,97	-0,74	
39,975	-0,74	
39,98	-0,73	
39,985	-0,73	
39,99	-0,73	
39,995	-0,73	
40,0	-0,74	
40,005	-0,74	
40,01	-0,74	
40,015	-0,75	
40,02	-0,74	
40,025	-0,73	
40,03	-0,73	
40,035	-0,72	
40,04	-0,71	
40,045	-0,7	
40,05	-0,7	
40,055	-0,7	
40,06	-0,7	
40,065	-0,7	
40,07	-0,69	
40,075	-0,68	
40,08	-0,66	
40,085	-0,65	
40,09	-0,64	
40,095	-0,63	
40,1	-0,62	
40,105	-0,62	
40,11	-0,62	
40,115	-0,61	
40,12	-0,6	
40,125	-0,58	
40,13	-0,56	
40,135	-0,54	
40,14	-0,53	
40,145	-0,51	
40,15	-0,5	
40,155	-0,49	
40,16	-0,48	
40,165	-0,47	
40,17	-0,46	
40,175	-0,44	
40,18	-0,42	
40,185	-0,4	
40,19	-0,38	
40,195	-0,37	
40,2	-0,35	
40,205	-0,34	
40,21	-0,32	
40,215	-0,31	
40,22	-0,29	
40,225	-0,27	
40,23	-0,24	
40,235	-0,23	
40,24	-0,21	
40,245	-0,19	
40,25	-0,17	
40,255	-0,16	
40,26	-0,14	
40,265	-0,11	
40,27	-0,09	
40,275	-0,08	
40,28	-0,06	
40,285	-0,04	
40,29	-0,03	
40,295	-0,01	
40,3	0	
40,305	0,02	
40,31	0,04	
40,315	0,07	
40,32	0,09	
40,325	0,11	
40,33	0,13	
40,335	0,15	
40,34	0,17	
40,345	0,18	
40,35	0,2	
40,355	0,22	
40,36	0,24	
40,365	0,26	
40,37	0,28	
40,375	0,3	
40,38	0,32	
40,385	0,33	
40,39	0,35	
40,395	0,37	
40,4	0,38	
40,405	0,4	
40,41	0,41	
40,415	0,43	
40,42	0,45	
40,425	0,47	
40,43	0,49	
40,435	0,5	
40,44	0,51	
40,445	0,52	
40,45	0,52	
40,455	0,53	
40,46	0,54	
40,465	0,56	
40,47	0,57	
40,475	0,6	
40,48	0,62	
40,485	0,63	
40,49	0,63	
40,495	0,64	
40,5	0,64	
40,505	0,64	
40,51	0,65	
40,515	0,66	
40,52	0,67	
40,525	0,68	
40,53	0,69	
40,535	0,7	
40,54	0,71	
40,545	0,71	
40,55	0,71	
40,555	0,71	
40,56	0,71	
40,565	0,71	
40,57	0,72	
40,575	0,73	
40,58	0,74	
40,585	0,74	
40,59	0,74	
40,595	0,74	
40,6	0,73	
40,605	0,73	
40,61	0,72	
40,615	0,72	
40,62	0,72	
40,625	0,72	
40,63	0,72	
40,635	0,72	
40,64	0,72	
40,645	0,72	
40,65	0,71	
40,655	0,7	
40,66	0,68	
40,665	0,67	
40,67	0,66	
40,675	0,66	
40,68	0,65	
40,685	0,65	
40,69	0,64	
40,695	0,64	
40,7	0,62	
40,705	0,61	
40,71	0,6	
40,715	0,58	
40,72	0,57	
40,725	0,56	
40,73	0,55	
40,735	0,54	
