t, ñ	wz	
0,0	0	
0,005	0	
0,01	0	
0,015	0	
0,02	0	
0,025	0	
0,03	0	
0,035	0	
0,04	0	
0,045	0	
0,05	0	
0,055	0	
0,06	0	
0,065	0	
0,07	0	
0,075	0	
0,08	0	
0,085	0,01	
0,09	0	
0,095	0	
0,1	0	
0,105	0	
0,11	0	
0,115	0	
0,12	0	
0,125	0	
0,13	0	
0,135	0	
0,14	0	
0,145	0	
0,15	0	
0,155	0	
0,16	0	
0,165	0	
0,17	0	
0,175	0	
0,18	0	
0,185	0	
0,19	0	
0,195	0	
0,2	0	
0,205	0,01	
0,21	0,01	
0,215	0,02	
0,22	0,01	
0,225	0	
0,23	-0,03	
0,235	-0,04	
0,24	-0,04	
0,245	-0,02	
0,25	0,01	
0,255	0,04	
0,26	0,06	
0,265	0,05	
0,27	0,01	
0,275	-0,02	
0,28	-0,03	
0,285	-0,02	
0,29	-0,01	
0,295	-0,01	
0,3	-0,01	
0,305	-0,01	
0,31	-0,01	
0,315	0	
0,32	0,01	
0,325	0,02	
0,33	0,02	
0,335	0,02	
0,34	0,01	
0,345	0,01	
0,35	0	
0,355	0	
0,36	0	
0,365	0	
0,37	-0,01	
0,375	-0,01	
0,38	-0,01	
0,385	-0,02	
0,39	-0,02	
0,395	-0,01	
0,4	0	
0,405	0,01	
0,41	0,01	
0,415	0,01	
0,42	0,01	
0,425	0,01	
0,43	0,01	
0,435	0,01	
0,44	0,01	
0,445	0	
0,45	-0,02	
0,455	-0,02	
0,46	-0,02	
0,465	-0,01	
0,47	0	
0,475	0	
0,48	0	
0,485	0	
0,49	0,01	
0,495	0,01	
0,5	0,02	
0,505	0,01	
0,51	0,01	
0,515	0	
0,52	-0,01	
0,525	-0,01	
0,53	-0,01	
0,535	-0,01	
0,54	-0,01	
0,545	-0,01	
0,55	-0,01	
0,555	0	
0,56	0,01	
0,565	0,01	
0,57	0,01	
0,575	0,01	
0,58	0,01	
0,585	0	
0,59	0	
0,595	-0,01	
0,6	0	
0,605	0	
0,61	-0,01	
0,615	-0,01	
0,62	-0,01	
0,625	-0,01	
0,63	-0,01	
0,635	0	
0,64	0	
0,645	0	
0,65	0	
0,655	0	
0,66	0,01	
0,665	0,01	
0,67	0,01	
0,675	0,01	
0,68	0	
0,685	-0,01	
0,69	-0,01	
0,695	0	
0,7	0	
0,705	0	
0,71	0	
0,715	0	
0,72	0	
0,725	0	
0,73	0	
0,735	0	
0,74	0,01	
0,745	0,01	
0,75	0,01	
0,755	0	
0,76	0	
0,765	0	
0,77	0	
0,775	-0,01	
0,78	0	
0,785	-0,01	
0,79	-0,01	
0,795	-0,01	
0,8	0	
0,805	0	
0,81	0,01	
0,815	0	
0,82	0	
0,825	-0,01	
0,83	-0,01	
0,835	-0,01	
0,84	-0,01	
0,845	0	
0,85	-0,01	
0,855	-0,01	
0,86	-0,01	
0,865	0	
0,87	0	
0,875	0	
0,88	0,01	
0,885	0	
0,89	0	
0,895	0	
0,9	0	
0,905	0	
0,91	0	
0,915	0	
0,92	-0,01	
0,925	0	
0,93	0	
0,935	0	
0,94	0	
0,945	0	
0,95	0	
0,955	0	
0,96	0	
0,965	-0,01	
0,97	0	
0,975	0	
0,98	0	
0,985	0	
0,99	0	
0,995	0	
1,0	0	
1,005	0	
1,01	0	
1,015	0	
1,02	0	
1,025	0	
1,03	0	
1,035	0	
1,04	0	
1,045	0	
1,05	0	
1,055	-0,01	
1,06	-0,01	
1,065	-0,01	
1,07	-0,01	
1,075	0	
1,08	0	
1,085	0	
1,09	0	
1,095	0	
1,1	0	
1,105	0	
1,11	0	
1,115	0	
1,12	0	
1,125	0	
1,13	-0,01	
1,135	-0,01	
1,14	0	
1,145	0	
1,15	0	
1,155	0	
1,16	0	
1,165	0	
1,17	0	
1,175	0	
1,18	0	
1,185	0	
1,19	0	
1,195	0	
1,2	0	
1,205	0	
1,21	0	
1,215	0	
1,22	0	
1,225	0	
1,23	0	
1,235	0	
1,24	0	
1,245	0	
1,25	0	
1,255	0	
1,26	0	
1,265	0	
1,27	0	
1,275	0	
1,28	0	
1,285	0	
1,29	0	
1,295	0	
1,3	0	
1,305	0	
1,31	0	
1,315	0	
1,32	0	
1,325	0	
1,33	-0,01	
1,335	-0,01	
1,34	-0,01	
1,345	0	
1,35	0	
1,355	0	
1,36	0	
1,365	0	
1,37	0	
1,375	0	
1,38	0	
1,385	0	
1,39	0	
1,395	0	
1,4	0	
1,405	0	
1,41	0	
1,415	0	
1,42	0	
1,425	0	
1,43	0	
1,435	0	
1,44	0	
1,445	0	
1,45	0	
1,455	0	
1,46	0	
1,465	0	
1,47	0	
1,475	0	
1,48	0	
1,485	0	
1,49	0	
1,495	-0,01	
1,5	-0,01	
1,505	0	
1,51	0	
1,515	0	
1,52	0	
1,525	0	
1,53	0	
1,535	0	
1,54	0	
1,545	0	
1,55	0	
1,555	0	
1,56	0	
1,565	0	
1,57	0	
1,575	0	
1,58	0	
1,585	0	
1,59	0	
1,595	0	
1,6	-0,01	
1,605	-0,01	
1,61	-0,01	
1,615	-0,01	
1,62	-0,01	
1,625	0	
1,63	0	
1,635	0	
1,64	0	
1,645	0	
1,65	0	
1,655	0	
1,66	0	
1,665	0	
1,67	0	
1,675	0	
1,68	0	
1,685	0	
1,69	0	
1,695	0	
1,7	-0,01	
1,705	0	
1,71	0	
1,715	0	
1,72	0	
1,725	0	
1,73	0	
1,735	0	
1,74	0	
1,745	0	
1,75	0	
1,755	0	
1,76	0	
1,765	0	
1,77	0	
1,775	0	
1,78	0	
1,785	0	
1,79	0	
1,795	0	
1,8	0	
1,805	0	
1,81	0	
1,815	0	
1,82	0	
1,825	0	
1,83	0	
1,835	0	
1,84	0	
1,845	0	
1,85	0	
1,855	0	
1,86	0	
1,865	0	
1,87	0	
1,875	0	
1,88	0	
1,885	0	
1,89	0	
1,895	0	
1,9	0	
1,905	0	
1,91	0	
1,915	0	
1,92	0	
1,925	0,01	
1,93	0	
1,935	0	
1,94	0	
1,945	0	
1,95	0	
1,955	0	
1,96	0	
1,965	0	
1,97	0	
1,975	0	
1,98	0	
1,985	0,01	
1,99	0,01	
1,995	0,01	
2,0	0,01	
2,005	0	
2,01	0	
2,015	0	
2,02	0	
2,025	0	
2,03	0	
2,035	0	
2,04	0	
2,045	0	
2,05	0	
2,055	0	
2,06	0	
2,065	0	
2,07	0	
2,075	0	
2,08	0	
2,085	0	
2,09	0	
2,095	0	
2,1	0	
2,105	0	
2,11	0	
2,115	0	
2,12	0	
2,125	0	
2,13	0	
2,135	0	
2,14	0	
2,145	0	
2,15	0	
2,155	0	
2,16	0	
2,165	0	
2,17	-0,01	
2,175	0	
2,18	0	
2,185	0	
2,19	0	
2,195	0,01	
2,2	0	
2,205	0	
2,21	0	
2,215	0	
2,22	0	
2,225	0	
2,23	0	
2,235	0	
2,24	0	
2,245	0	
2,25	0	
2,255	0	
2,26	0	
2,265	0	
2,27	-0,01	
2,275	0	
2,28	0	
2,285	0	
2,29	0	
2,295	0	
2,3	0	
2,305	-0,01	
2,31	0	
2,315	0	
2,32	0	
2,325	0	
2,33	0	
2,335	0	
2,34	0	
2,345	0	
2,35	0	
2,355	0	
2,36	0	
2,365	0	
2,37	0	
2,375	0	
2,38	0,01	
2,385	0	
2,39	0	
2,395	0	
2,4	0	
2,405	-0,01	
2,41	-0,01	
2,415	-0,01	
2,42	-0,01	
2,425	-0,01	
2,43	0	
2,435	0	
2,44	0	
2,445	0	
2,45	0,01	
2,455	0,01	
2,46	0,01	
2,465	0,01	
2,47	0,01	
2,475	0	
2,48	-0,01	
2,485	0	
2,49	0,05	
2,495	0,04	
2,5	0	
2,505	-0,05	
2,51	-0,13	
2,515	-0,23	
2,52	-0,3	
2,525	-0,3	
2,53	-0,26	
2,535	-0,19	
2,54	-0,17	
2,545	-0,19	
2,55	-0,24	
2,555	-0,33	
2,56	-0,42	
2,565	-0,46	
2,57	-0,45	
2,575	-0,41	
2,58	-0,37	
2,585	-0,34	
2,59	-0,34	
2,595	-0,39	
2,6	-0,47	
2,605	-0,54	
2,61	-0,58	
2,615	-0,59	
2,62	-0,56	
2,625	-0,51	
2,63	-0,49	
2,635	-0,52	
2,64	-0,57	
2,645	-0,62	
2,65	-0,68	
2,655	-0,7	
2,66	-0,69	
2,665	-0,64	
2,67	-0,61	
2,675	-0,6	
2,68	-0,61	
2,685	-0,65	
2,69	-0,71	
2,695	-0,78	
2,7	-0,77	
2,705	-0,74	
2,71	-0,69	
2,715	-0,66	
2,72	-0,65	
2,725	-0,67	
2,73	-0,73	
2,735	-0,79	
2,74	-0,81	
2,745	-0,81	
2,75	-0,78	
2,755	-0,72	
2,76	-0,66	
2,765	-0,64	
2,77	-0,66	
2,775	-0,74	
2,78	-0,79	
2,785	-0,81	
2,79	-0,8	
2,795	-0,75	
2,8	-0,68	
2,805	-0,63	
2,81	-0,61	
2,815	-0,63	
2,82	-0,67	
2,825	-0,72	
2,83	-0,75	
2,835	-0,74	
2,84	-0,69	
2,845	-0,63	
2,85	-0,57	
2,855	-0,53	
2,86	-0,54	
2,865	-0,58	
2,87	-0,62	
2,875	-0,63	
2,88	-0,61	
2,885	-0,57	
2,89	-0,5	
2,895	-0,44	
2,9	-0,42	
2,905	-0,42	
2,91	-0,44	
2,915	-0,46	
2,92	-0,47	
2,925	-0,46	
2,93	-0,42	
2,935	-0,36	
2,94	-0,29	
2,945	-0,27	
2,95	-0,27	
2,955	-0,28	
2,96	-0,29	
2,965	-0,29	
2,97	-0,26	
2,975	-0,22	
2,98	-0,17	
2,985	-0,13	
2,99	-0,1	
2,995	-0,1	
3,0	-0,11	
3,005	-0,12	
3,01	-0,1	
3,015	-0,07	
3,02	0	
3,025	0,05	
3,03	0,08	
3,035	0,09	
3,04	0,08	
3,045	0,07	
3,05	0,08	
3,055	0,1	
3,06	0,13	
3,065	0,18	
3,07	0,23	
3,075	0,27	
3,08	0,28	
3,085	0,28	
3,09	0,27	
3,095	0,26	
3,1	0,29	
3,105	0,33	
3,11	0,38	
3,115	0,43	
3,12	0,45	
3,125	0,46	
3,13	0,46	
3,135	0,45	
3,14	0,45	
3,145	0,46	
3,15	0,5	
3,155	0,54	
3,16	0,58	
3,165	0,6	
3,17	0,62	
3,175	0,61	
3,18	0,6	
3,185	0,6	
3,19	0,61	
3,195	0,64	
3,2	0,67	
3,205	0,71	
3,21	0,73	
3,215	0,73	
3,22	0,73	
3,225	0,72	
3,23	0,72	
3,235	0,72	
3,24	0,74	
3,245	0,77	
3,25	0,78	
3,255	0,8	
3,26	0,8	
3,265	0,8	
3,27	0,8	
3,275	0,79	
3,28	0,8	
3,285	0,82	
3,29	0,82	
3,295	0,83	
3,3	0,83	
3,305	0,83	
3,31	0,82	
3,315	0,82	
3,32	0,82	
3,325	0,83	
3,33	0,83	
3,335	0,83	
3,34	0,83	
3,345	0,82	
3,35	0,81	
3,355	0,8	
3,36	0,79	
3,365	0,8	
3,37	0,8	
3,375	0,8	
3,38	0,8	
3,385	0,78	
3,39	0,76	
3,395	0,74	
3,4	0,73	
3,405	0,72	
3,41	0,71	
3,415	0,72	
3,42	0,73	
3,425	0,71	
3,43	0,69	
3,435	0,66	
3,44	0,63	
3,445	0,61	
3,45	0,6	
3,455	0,6	
3,46	0,6	
3,465	0,6	
3,47	0,59	
3,475	0,57	
3,48	0,54	
3,485	0,5	
3,49	0,47	
3,495	0,45	
3,5	0,45	
3,505	0,44	
3,51	0,43	
3,515	0,41	
3,52	0,37	
3,525	0,32	
3,53	0,29	
3,535	0,28	
3,54	0,27	
3,545	0,26	
3,55	0,27	
3,555	0,26	
3,56	0,23	
3,565	0,19	
3,57	0,16	
3,575	0,14	
3,58	0,11	
3,585	0,07	
3,59	0,07	
3,595	0,05	
3,6	0,02	
3,605	0	
3,61	-0,02	
3,615	-0,05	
3,62	-0,08	
3,625	-0,1	
3,63	-0,1	
3,635	-0,12	
3,64	-0,13	
3,645	-0,15	
3,65	-0,17	
3,655	-0,2	
3,66	-0,24	
3,665	-0,27	
3,67	-0,28	
3,675	-0,29	
3,68	-0,29	
3,685	-0,3	
3,69	-0,31	
3,695	-0,36	
3,7	-0,39	
3,705	-0,43	
3,71	-0,45	
3,715	-0,46	
3,72	-0,46	
3,725	-0,45	
3,73	-0,44	
3,735	-0,46	
3,74	-0,49	
3,745	-0,54	
3,75	-0,59	
3,755	-0,62	
3,76	-0,62	
3,765	-0,59	
3,77	-0,58	
3,775	-0,57	
3,78	-0,57	
3,785	-0,59	
3,79	-0,64	
3,795	-0,69	
3,8	-0,71	
3,805	-0,72	
3,81	-0,71	
3,815	-0,69	
3,82	-0,66	
3,825	-0,65	
3,83	-0,68	
3,835	-0,72	
3,84	-0,75	
3,845	-0,77	
3,85	-0,78	
3,855	-0,76	
3,86	-0,73	
3,865	-0,71	
3,87	-0,7	
3,875	-0,71	
3,88	-0,74	
3,885	-0,76	
3,89	-0,79	
3,895	-0,79	
3,9	-0,76	
3,905	-0,73	
3,91	-0,71	
3,915	-0,72	
3,92	-0,73	
3,925	-0,74	
3,93	-0,75	
3,935	-0,74	
3,94	-0,72	
3,945	-0,69	
3,95	-0,68	
3,955	-0,67	
3,96	-0,67	
3,965	-0,67	
3,97	-0,69	
3,975	-0,69	
3,98	-0,67	
3,985	-0,64	
3,99	-0,59	
3,995	-0,56	
4,0	-0,54	
4,005	-0,55	
4,01	-0,57	
4,015	-0,59	
4,02	-0,6	
4,025	-0,58	
4,03	-0,53	
4,035	-0,47	
4,04	-0,42	
4,045	-0,38	
4,05	-0,39	
4,055	-0,41	
4,06	-0,44	
4,065	-0,47	
4,07	-0,44	
4,075	-0,39	
4,08	-0,32	
4,085	-0,25	
4,09	-0,22	
4,095	-0,22	
4,1	-0,24	
4,105	-0,26	
4,11	-0,28	
4,115	-0,26	
4,12	-0,23	
4,125	-0,17	
4,13	-0,11	
4,135	-0,05	
4,14	-0,03	
4,145	-0,03	
4,15	-0,05	
4,155	-0,06	
4,16	-0,06	
4,165	-0,03	
4,17	0,03	
4,175	0,09	
4,18	0,14	
4,185	0,16	
4,19	0,16	
4,195	0,15	
4,2	0,14	
4,205	0,13	
4,21	0,17	
4,215	0,22	
4,22	0,27	
4,225	0,3	
4,23	0,33	
4,235	0,33	
4,24	0,32	
4,245	0,32	
4,25	0,35	
4,255	0,39	
4,26	0,43	
4,265	0,46	
4,27	0,48	
4,275	0,49	
4,28	0,48	
4,285	0,47	
4,29	0,47	
4,295	0,49	
4,3	0,53	
4,305	0,57	
4,31	0,62	
4,315	0,65	
4,32	0,64	
4,325	0,62	
4,33	0,6	
4,335	0,59	
4,34	0,61	
4,345	0,66	
4,35	0,72	
4,355	0,76	
4,36	0,78	
4,365	0,78	
4,37	0,75	
4,375	0,7	
4,38	0,67	
4,385	0,68	
4,39	0,72	
4,395	0,8	
4,4	0,85	
4,405	0,87	
4,41	0,85	
4,415	0,82	
4,42	0,77	
4,425	0,74	
4,43	0,74	
4,435	0,76	
4,44	0,8	
4,445	0,84	
4,45	0,87	
4,455	0,88	
4,46	0,86	
4,465	0,83	
4,47	0,79	
4,475	0,74	
4,48	0,75	
4,485	0,78	
4,49	0,81	
4,495	0,83	
4,5	0,83	
4,505	0,8	
4,51	0,77	
4,515	0,73	
4,52	0,71	
4,525	0,71	
4,53	0,73	
4,535	0,75	
4,54	0,76	
4,545	0,75	
4,55	0,72	
4,555	0,67	
4,56	0,64	
4,565	0,63	
4,57	0,64	
4,575	0,65	
4,58	0,66	
4,585	0,64	
4,59	0,62	
4,595	0,58	
4,6	0,54	
4,605	0,51	
4,61	0,49	
4,615	0,5	
4,62	0,51	
4,625	0,52	
4,63	0,52	
4,635	0,47	
4,64	0,41	
4,645	0,36	
4,65	0,32	
4,655	0,31	
4,66	0,32	
4,665	0,34	
4,67	0,36	
4,675	0,34	
4,68	0,29	
4,685	0,24	
4,69	0,19	
4,695	0,14	
4,7	0,12	
4,705	0,13	
4,71	0,15	
4,715	0,15	
4,72	0,13	
4,725	0,1	
4,73	0,04	
4,735	-0,02	
4,74	-0,07	
4,745	-0,08	
4,75	-0,08	
4,755	-0,08	
4,76	-0,07	
4,765	-0,07	
4,77	-0,1	
4,775	-0,15	
4,78	-0,19	
4,785	-0,23	
4,79	-0,25	
4,795	-0,26	
4,8	-0,26	
4,805	-0,26	
4,81	-0,28	
4,815	-0,31	
4,82	-0,34	
4,825	-0,38	
4,83	-0,41	
4,835	-0,42	
4,84	-0,43	
4,845	-0,43	
4,85	-0,45	
4,855	-0,46	
4,86	-0,47	
4,865	-0,5	
4,87	-0,53	
4,875	-0,55	
4,88	-0,56	
4,885	-0,57	
4,89	-0,57	
4,895	-0,58	
4,9	-0,59	
4,905	-0,62	
4,91	-0,65	
4,915	-0,66	
4,92	-0,66	
4,925	-0,67	
4,93	-0,67	
4,935	-0,67	
4,94	-0,67	
4,945	-0,7	
4,95	-0,72	
4,955	-0,74	
4,96	-0,75	
4,965	-0,75	
4,97	-0,75	
4,975	-0,74	
4,98	-0,73	
4,985	-0,74	
4,99	-0,76	
4,995	-0,77	
5,0	-0,79	
5,005	-0,8	
5,01	-0,79	
5,015	-0,77	
5,02	-0,75	
5,025	-0,74	
5,03	-0,74	
5,035	-0,74	
5,04	-0,77	
5,045	-0,78	
5,05	-0,78	
5,055	-0,77	
5,06	-0,76	
5,065	-0,73	
5,07	-0,72	
5,075	-0,71	
5,08	-0,71	
5,085	-0,72	
5,09	-0,72	
5,095	-0,72	
5,1	-0,71	
5,105	-0,69	
5,11	-0,67	
5,115	-0,66	
5,12	-0,64	
5,125	-0,63	
5,13	-0,63	
5,135	-0,62	
5,14	-0,61	
5,145	-0,59	
5,15	-0,57	
5,155	-0,55	
5,16	-0,54	
5,165	-0,53	
5,17	-0,51	
5,175	-0,5	
5,18	-0,49	
5,185	-0,47	
5,19	-0,44	
5,195	-0,42	
5,2	-0,39	
5,205	-0,38	
5,21	-0,37	
5,215	-0,36	
5,22	-0,34	
5,225	-0,32	
5,23	-0,29	
5,235	-0,26	
5,24	-0,23	
5,245	-0,21	
5,25	-0,2	
5,255	-0,19	
5,26	-0,19	
5,265	-0,18	
5,27	-0,15	
5,275	-0,12	
5,28	-0,08	
5,285	-0,03	
5,29	-0,01	
5,295	0	
5,3	0,01	
5,305	0,01	
5,31	0,03	
5,315	0,05	
5,32	0,08	
5,325	0,12	
5,33	0,16	
5,335	0,18	
5,34	0,19	
5,345	0,2	
5,35	0,21	
5,355	0,22	
5,36	0,24	
5,365	0,29	
5,37	0,32	
5,375	0,35	
5,38	0,37	
5,385	0,39	
5,39	0,4	
5,395	0,4	
5,4	0,41	
5,405	0,43	
5,41	0,45	
5,415	0,47	
5,42	0,5	
5,425	0,52	
5,43	0,53	
5,435	0,55	
5,44	0,56	
5,445	0,58	
5,45	0,6	
5,455	0,61	
5,46	0,63	
5,465	0,65	
5,47	0,65	
5,475	0,66	
5,48	0,68	
5,485	0,68	
5,49	0,7	
5,495	0,71	
5,5	0,73	
5,505	0,74	
5,51	0,75	
5,515	0,75	
5,52	0,75	
5,525	0,75	
5,53	0,76	
5,535	0,78	
5,54	0,79	
5,545	0,81	
5,55	0,82	
5,555	0,82	
5,56	0,81	
5,565	0,8	
5,57	0,79	
5,575	0,79	
5,58	0,79	
5,585	0,81	
5,59	0,82	
5,595	0,84	
5,6	0,84	
5,605	0,82	
5,61	0,81	
5,615	0,79	
5,62	0,78	
5,625	0,78	
5,63	0,79	
5,635	0,8	
5,64	0,8	
5,645	0,8	
5,65	0,79	
5,655	0,77	
5,66	0,75	
5,665	0,72	
5,67	0,71	
5,675	0,71	
5,68	0,71	
5,685	0,72	
5,69	0,71	
5,695	0,69	
5,7	0,67	
5,705	0,65	
5,71	0,62	
5,715	0,61	
5,72	0,6	
5,725	0,6	
5,73	0,6	
5,735	0,59	
5,74	0,57	
5,745	0,55	
5,75	0,52	
5,755	0,5	
5,76	0,48	
5,765	0,46	
5,77	0,45	
5,775	0,44	
5,78	0,42	
5,785	0,39	
5,79	0,36	
5,795	0,33	
5,8	0,31	
5,805	0,28	
5,81	0,26	
5,815	0,26	
5,82	0,27	
5,825	0,26	
5,83	0,23	
5,835	0,2	
5,84	0,15	
5,845	0,1	
5,85	0,06	
5,855	0,07	
5,86	0,07	
5,865	0,07	
5,87	0,06	
5,875	0,03	
5,88	-0,02	
5,885	-0,08	
5,89	-0,12	
5,895	-0,14	
5,9	-0,14	
5,905	-0,13	
5,91	-0,13	
5,915	-0,13	
5,92	-0,16	
5,925	-0,21	
5,93	-0,29	
5,935	-0,33	
5,94	-0,34	
5,945	-0,34	
5,95	-0,32	
5,955	-0,31	
5,96	-0,32	
5,965	-0,36	
5,97	-0,4	
5,975	-0,45	
5,98	-0,49	
5,985	-0,51	
5,99	-0,51	
5,995	-0,49	
6,0	-0,49	
6,005	-0,49	
6,01	-0,52	
6,015	-0,56	
6,02	-0,61	
6,025	-0,64	
6,03	-0,65	
6,035	-0,64	
6,04	-0,63	
6,045	-0,61	
6,05	-0,61	
6,055	-0,63	
6,06	-0,67	
6,065	-0,71	
6,07	-0,74	
6,075	-0,75	
6,08	-0,75	
6,085	-0,73	
6,09	-0,71	
6,095	-0,71	
6,1	-0,73	
6,105	-0,75	
6,11	-0,78	
6,115	-0,8	
6,12	-0,81	
6,125	-0,79	
6,13	-0,78	
6,135	-0,76	
6,14	-0,76	
6,145	-0,76	
6,15	-0,78	
6,155	-0,8	
6,16	-0,82	
6,165	-0,82	
6,17	-0,8	
6,175	-0,77	
6,18	-0,76	
6,185	-0,75	
6,19	-0,75	
6,195	-0,77	
6,2	-0,78	
6,205	-0,78	
6,21	-0,77	
6,215	-0,75	
6,22	-0,73	
6,225	-0,71	
6,23	-0,69	
6,235	-0,7	
6,24	-0,71	
6,245	-0,71	
6,25	-0,71	
6,255	-0,69	
6,26	-0,66	
6,265	-0,63	
6,27	-0,61	
6,275	-0,6	
6,28	-0,59	
6,285	-0,59	
6,29	-0,6	
6,295	-0,59	
6,3	-0,57	
6,305	-0,54	
6,31	-0,51	
6,315	-0,48	
6,32	-0,45	
6,325	-0,44	
6,33	-0,44	
6,335	-0,44	
6,34	-0,43	
6,345	-0,41	
6,35	-0,38	
6,355	-0,34	
6,36	-0,3	
6,365	-0,28	
6,37	-0,27	
6,375	-0,27	
6,38	-0,26	
6,385	-0,25	
6,39	-0,24	
6,395	-0,21	
6,4	-0,17	
6,405	-0,13	
6,41	-0,11	
6,415	-0,08	
6,42	-0,07	
6,425	-0,06	
6,43	-0,05	
6,435	-0,03	
6,44	-0,01	
6,445	0,03	
6,45	0,06	
6,455	0,09	
6,46	0,12	
6,465	0,13	
6,47	0,14	
6,475	0,15	
6,48	0,17	
6,485	0,19	
6,49	0,22	
6,495	0,26	
6,5	0,28	
6,505	0,3	
6,51	0,31	
6,515	0,33	
6,52	0,35	
6,525	0,36	
6,53	0,38	
6,535	0,41	
6,54	0,43	
6,545	0,45	
6,55	0,47	
6,555	0,48	
6,56	0,49	
6,565	0,51	
6,57	0,52	
6,575	0,55	
6,58	0,57	
6,585	0,59	
6,59	0,61	
6,595	0,62	
6,6	0,62	
6,605	0,63	
6,61	0,64	
6,615	0,66	
6,62	0,67	
6,625	0,69	
6,63	0,71	
6,635	0,72	
6,64	0,72	
6,645	0,73	
6,65	0,74	
6,655	0,74	
6,66	0,75	
6,665	0,76	
6,67	0,78	
6,675	0,78	
6,68	0,79	
6,685	0,8	
6,69	0,8	
6,695	0,79	
6,7	0,79	
6,705	0,79	
6,71	0,8	
6,715	0,8	
6,72	0,81	
6,725	0,82	
6,73	0,82	
6,735	0,82	
6,74	0,81	
6,745	0,8	
6,75	0,79	
6,755	0,78	
6,76	0,78	
6,765	0,79	
6,77	0,79	
6,775	0,79	
6,78	0,79	
6,785	0,78	
6,79	0,77	
6,795	0,75	
6,8	0,73	
6,805	0,72	
6,81	0,72	
6,815	0,71	
6,82	0,71	
6,825	0,71	
6,83	0,69	
6,835	0,67	
6,84	0,65	
6,845	0,64	
6,85	0,62	
6,855	0,6	
6,86	0,59	
6,865	0,58	
6,87	0,58	
6,875	0,56	
6,88	0,55	
6,885	0,53	
6,89	0,5	
6,895	0,48	
6,9	0,45	
6,905	0,44	
6,91	0,43	
6,915	0,42	
6,92	0,4	
6,925	0,38	
6,93	0,35	
6,935	0,32	
6,94	0,29	
6,945	0,26	
6,95	0,25	
6,955	0,25	
6,96	0,25	
6,965	0,23	
6,97	0,21	
6,975	0,18	
6,98	0,1	
6,985	0,07	
6,99	0,06	
6,995	0,06	
7,0	0,06	
7,005	0,06	
7,01	0,05	
7,015	0,01	
7,02	-0,05	
7,025	-0,1	
7,03	-0,13	
7,035	-0,15	
7,04	-0,15	
7,045	-0,14	
7,05	-0,13	
7,055	-0,14	
7,06	-0,2	
7,065	-0,24	
7,07	-0,29	
7,075	-0,32	
7,08	-0,34	
7,085	-0,33	
7,09	-0,32	
7,095	-0,32	
7,1	-0,33	
7,105	-0,36	
7,11	-0,41	
7,115	-0,46	
7,12	-0,49	
7,125	-0,51	
7,13	-0,51	
7,135	-0,5	
7,14	-0,48	
7,145	-0,5	
7,15	-0,52	
7,155	-0,57	
7,16	-0,61	
7,165	-0,64	
7,17	-0,65	
7,175	-0,64	
7,18	-0,62	
7,185	-0,61	
7,19	-0,61	
7,195	-0,63	
7,2	-0,67	
7,205	-0,71	
7,21	-0,74	
7,215	-0,75	
7,22	-0,74	
7,225	-0,71	
7,23	-0,7	
7,235	-0,69	
7,24	-0,71	
7,245	-0,75	
7,25	-0,78	
7,255	-0,8	
7,26	-0,81	
7,265	-0,79	
7,27	-0,77	
7,275	-0,75	
7,28	-0,73	
7,285	-0,74	
7,29	-0,76	
7,295	-0,79	
7,3	-0,82	
7,305	-0,82	
7,31	-0,8	
7,315	-0,76	
7,32	-0,73	
7,325	-0,72	
7,33	-0,72	
7,335	-0,75	
7,34	-0,77	
7,345	-0,78	
7,35	-0,78	
7,355	-0,76	
7,36	-0,73	
7,365	-0,69	
7,37	-0,67	
7,375	-0,66	
7,38	-0,67	
7,385	-0,7	
7,39	-0,71	
7,395	-0,69	
7,4	-0,66	
7,405	-0,63	
7,41	-0,6	
7,415	-0,57	
7,42	-0,56	
7,425	-0,57	
7,43	-0,58	
7,435	-0,59	
7,44	-0,58	
7,445	-0,55	
7,45	-0,51	
7,455	-0,46	
7,46	-0,43	
7,465	-0,42	
7,47	-0,42	
7,475	-0,44	
7,48	-0,44	
7,485	-0,42	
7,49	-0,38	
7,495	-0,33	
7,5	-0,29	
7,505	-0,26	
7,51	-0,25	
7,515	-0,25	
7,52	-0,26	
7,525	-0,27	
7,53	-0,25	
7,535	-0,22	
7,54	-0,17	
7,545	-0,12	
7,55	-0,07	
7,555	-0,05	
7,56	-0,06	
7,565	-0,06	
7,57	-0,07	
7,575	-0,05	
7,58	-0,02	
7,585	0,03	
7,59	0,08	
7,595	0,12	
7,6	0,14	
7,605	0,14	
7,61	0,13	
7,615	0,13	
7,62	0,13	
7,625	0,16	
7,63	0,22	
7,635	0,27	
7,64	0,31	
7,645	0,32	
7,65	0,33	
7,655	0,32	
7,66	0,32	
7,665	0,33	
7,67	0,36	
7,675	0,4	
7,68	0,43	
7,685	0,47	
7,69	0,49	
7,695	0,5	
7,7	0,49	
7,705	0,49	
7,71	0,49	
7,715	0,51	
7,72	0,55	
7,725	0,58	
7,73	0,61	
7,735	0,62	
7,74	0,62	
7,745	0,62	
7,75	0,61	
7,755	0,62	
7,76	0,63	
7,765	0,66	
7,77	0,69	
7,775	0,71	
7,78	0,72	
7,785	0,73	
7,79	0,71	
7,795	0,71	
7,8	0,71	
7,805	0,72	
7,81	0,74	
7,815	0,77	
7,82	0,79	
7,825	0,79	
7,83	0,79	
7,835	0,77	
7,84	0,76	
7,845	0,75	
7,85	0,75	
7,855	0,77	
7,86	0,8	
7,865	0,81	
7,87	0,82	
7,875	0,8	
7,88	0,77	
7,885	0,75	
7,89	0,74	
7,895	0,74	
7,9	0,76	
7,905	0,78	
7,91	0,79	
7,915	0,79	
7,92	0,77	
7,925	0,74	
7,93	0,71	
7,935	0,68	
7,94	0,68	
7,945	0,68	
7,95	0,71	
7,955	0,71	
7,96	0,71	
7,965	0,69	
7,97	0,65	
7,975	0,62	
7,98	0,59	
7,985	0,58	
7,99	0,58	
7,995	0,59	
8,0	0,59	
8,005	0,59	
8,01	0,57	
8,015	0,54	
8,02	0,5	
8,025	0,47	
8,03	0,45	
8,035	0,44	
8,04	0,45	
8,045	0,45	
8,05	0,43	
8,055	0,41	
8,06	0,37	
8,065	0,33	
8,07	0,3	
8,075	0,27	
8,08	0,26	
8,085	0,26	
8,09	0,27	
8,095	0,27	
8,1	0,25	
8,105	0,22	
8,11	0,18	
8,115	0,11	
8,12	0,07	
8,125	0,06	
8,13	0,06	
8,135	0,07	
8,14	0,08	
8,145	0,06	
8,15	0,03	
8,155	-0,03	
8,16	-0,09	
8,165	-0,13	
8,17	-0,15	
8,175	-0,15	
8,18	-0,13	
8,185	-0,11	
8,19	-0,12	
8,195	-0,18	
8,2	-0,24	
8,205	-0,29	
8,21	-0,32	
8,215	-0,33	
8,22	-0,33	
8,225	-0,3	
8,23	-0,29	
8,235	-0,31	
8,24	-0,34	
8,245	-0,39	
8,25	-0,44	
8,255	-0,48	
8,26	-0,5	
8,265	-0,49	
8,27	-0,47	
8,275	-0,45	
8,28	-0,46	
8,285	-0,5	
8,29	-0,54	
8,295	-0,59	
8,3	-0,62	
8,305	-0,63	
8,31	-0,62	
8,315	-0,6	
8,32	-0,58	
8,325	-0,58	
8,33	-0,6	
8,335	-0,64	
8,34	-0,69	
8,345	-0,72	
8,35	-0,73	
8,355	-0,71	
8,36	-0,68	
8,365	-0,66	
8,37	-0,66	
8,375	-0,68	
8,38	-0,73	
8,385	-0,76	
8,39	-0,79	
8,395	-0,79	
8,4	-0,77	
8,405	-0,74	
8,41	-0,71	
8,415	-0,7	
8,42	-0,71	
8,425	-0,73	
8,43	-0,77	
8,435	-0,8	
8,44	-0,8	
8,445	-0,78	
8,45	-0,74	
8,455	-0,71	
8,46	-0,69	
8,465	-0,69	
8,47	-0,71	
8,475	-0,74	
8,48	-0,76	
8,485	-0,76	
8,49	-0,74	
8,495	-0,71	
8,5	-0,67	
8,505	-0,65	
8,51	-0,64	
8,515	-0,65	
8,52	-0,67	
8,525	-0,68	
8,53	-0,67	
8,535	-0,65	
8,54	-0,61	
8,545	-0,58	
8,55	-0,55	
8,555	-0,54	
8,56	-0,54	
8,565	-0,56	
8,57	-0,56	
8,575	-0,56	
8,58	-0,53	
8,585	-0,5	
8,59	-0,45	
8,595	-0,42	
8,6	-0,4	
8,605	-0,41	
8,61	-0,42	
8,615	-0,42	
8,62	-0,41	
8,625	-0,38	
8,63	-0,33	
8,635	-0,29	
8,64	-0,26	
8,645	-0,24	
8,65	-0,24	
8,655	-0,25	
8,66	-0,25	
8,665	-0,24	
8,67	-0,22	
8,675	-0,17	
8,68	-0,1	
8,685	-0,07	
8,69	-0,05	
8,695	-0,05	
8,7	-0,06	
8,705	-0,07	
8,71	-0,05	
8,715	-0,02	
8,72	0,02	
8,725	0,07	
8,73	0,11	
8,735	0,13	
8,74	0,13	
8,745	0,13	
8,75	0,12	
8,755	0,12	
8,76	0,16	
8,765	0,21	
8,77	0,26	
8,775	0,3	
8,78	0,32	
8,785	0,32	
8,79	0,32	
8,795	0,31	
8,8	0,31	
8,805	0,33	
8,81	0,36	
8,815	0,4	
8,82	0,44	
8,825	0,47	
8,83	0,48	
8,835	0,48	
8,84	0,47	
8,845	0,47	
8,85	0,49	
8,855	0,52	
8,86	0,56	
8,865	0,59	
8,87	0,61	
8,875	0,61	
8,88	0,61	
8,885	0,6	
8,89	0,59	
8,895	0,6	
8,9	0,63	
8,905	0,66	
8,91	0,69	
8,915	0,71	
8,92	0,71	
8,925	0,69	
8,93	0,68	
8,935	0,68	
8,94	0,69	
8,945	0,71	
8,95	0,73	
8,955	0,76	
8,96	0,77	
8,965	0,76	
8,97	0,75	
8,975	0,73	
8,98	0,72	
8,985	0,71	
8,99	0,72	
8,995	0,75	
9,0	0,77	
9,005	0,78	
9,01	0,77	
9,015	0,75	
9,02	0,73	
9,025	0,71	
9,03	0,7	
9,035	0,71	
9,04	0,73	
9,045	0,75	
9,05	0,75	
9,055	0,75	
9,06	0,72	
9,065	0,69	
9,07	0,66	
9,075	0,65	
9,08	0,65	
9,085	0,67	
9,09	0,68	
9,095	0,68	
9,1	0,67	
9,105	0,64	
9,11	0,6	
9,115	0,57	
9,12	0,55	
9,125	0,54	
9,13	0,55	
9,135	0,56	
9,14	0,56	
9,145	0,55	
9,15	0,53	
9,155	0,49	
9,16	0,45	
9,165	0,41	
9,17	0,4	
9,175	0,41	
9,18	0,41	
9,185	0,41	
9,19	0,39	
9,195	0,36	
9,2	0,32	
9,205	0,28	
9,21	0,25	
9,215	0,24	
9,22	0,23	
9,225	0,24	
9,23	0,24	
9,235	0,23	
9,24	0,2	
9,245	0,15	
9,25	0,1	
9,255	0,06	
9,26	0,03	
9,265	0,03	
9,27	0,04	
9,275	0,05	
9,28	0,05	
9,285	0,03	
9,29	-0,02	
9,295	-0,07	
9,3	-0,12	
9,305	-0,16	
9,31	-0,16	
9,315	-0,15	
9,32	-0,13	
9,325	-0,13	
9,33	-0,17	
9,335	-0,22	
9,34	-0,27	
9,345	-0,32	
9,35	-0,34	
9,355	-0,34	
9,36	-0,32	
9,365	-0,3	
9,37	-0,3	
9,375	-0,33	
9,38	-0,36	
9,385	-0,42	
9,39	-0,47	
9,395	-0,5	
9,4	-0,5	
9,405	-0,48	
9,41	-0,46	
9,415	-0,45	
9,42	-0,48	
9,425	-0,52	
9,43	-0,57	
9,435	-0,61	
9,44	-0,63	
9,445	-0,63	
9,45	-0,61	
9,455	-0,58	
9,46	-0,57	
9,465	-0,58	
9,47	-0,61	
9,475	-0,65	
9,48	-0,69	
9,485	-0,72	
9,49	-0,71	
9,495	-0,68	
9,5	-0,65	
9,505	-0,64	
9,51	-0,65	
9,515	-0,68	
9,52	-0,72	
9,525	-0,76	
9,53	-0,77	
9,535	-0,76	
9,54	-0,73	
9,545	-0,7	
9,55	-0,68	
9,555	-0,67	
9,56	-0,69	
9,565	-0,73	
9,57	-0,77	
9,575	-0,78	
9,58	-0,77	
9,585	-0,73	
9,59	-0,69	
9,595	-0,66	
9,6	-0,66	
9,605	-0,67	
9,61	-0,7	
9,615	-0,73	
9,62	-0,74	
9,625	-0,73	
9,63	-0,69	
9,635	-0,65	
9,64	-0,62	
9,645	-0,6	
9,65	-0,61	
9,655	-0,64	
9,66	-0,66	
9,665	-0,66	
9,67	-0,64	
9,675	-0,6	
9,68	-0,56	
9,685	-0,52	
9,69	-0,5	
9,695	-0,51	
9,7	-0,52	
9,705	-0,53	
9,71	-0,54	
9,715	-0,52	
9,72	-0,48	
9,725	-0,43	
9,73	-0,38	
9,735	-0,37	
9,74	-0,37	
9,745	-0,38	
9,75	-0,39	
9,755	-0,38	
9,76	-0,35	
9,765	-0,32	
9,77	-0,27	
9,775	-0,23	
9,78	-0,21	
9,785	-0,21	
9,79	-0,22	
9,795	-0,22	
9,8	-0,22	
9,805	-0,2	
9,81	-0,14	
9,815	-0,09	
9,82	-0,05	
9,825	-0,03	
9,83	-0,03	
9,835	-0,04	
9,84	-0,04	
9,845	-0,04	
9,85	-0,02	
9,855	0,03	
9,86	0,08	
9,865	0,12	
9,87	0,15	
9,875	0,16	
9,88	0,15	
9,885	0,14	
9,89	0,14	
9,895	0,17	
9,9	0,21	
9,905	0,26	
9,91	0,31	
9,915	0,33	
9,92	0,34	
9,925	0,32	
9,93	0,31	
9,935	0,31	
9,94	0,32	
9,945	0,36	
9,95	0,4	
9,955	0,44	
9,96	0,47	
9,965	0,49	
9,97	0,48	
9,975	0,47	
9,98	0,46	
9,985	0,48	
9,99	0,5	
9,995	0,54	
10,0	0,58	
10,005	0,61	
10,01	0,62	
10,015	0,61	
10,02	0,59	
10,025	0,59	
10,03	0,59	
10,035	0,61	
10,04	0,64	
10,045	0,67	
10,05	0,69	
10,055	0,69	
10,06	0,68	
10,065	0,67	
10,07	0,66	
10,075	0,66	
10,08	0,68	
10,085	0,7	
10,09	0,73	
10,095	0,74	
10,1	0,74	
10,105	0,73	
10,11	0,71	
10,115	0,7	
10,12	0,69	
10,125	0,7	
10,13	0,72	
10,135	0,76	
10,14	0,76	
10,145	0,75	
10,15	0,73	
10,155	0,7	
10,16	0,68	
10,165	0,68	
10,17	0,69	
10,175	0,7	
10,18	0,72	
10,185	0,72	
10,19	0,71	
10,195	0,69	
10,2	0,66	
10,205	0,63	
10,21	0,62	
10,215	0,62	
10,22	0,63	
10,225	0,64	
10,23	0,65	
10,235	0,63	
10,24	0,6	
10,245	0,57	
10,25	0,54	
10,255	0,51	
10,26	0,51	
10,265	0,52	
10,27	0,52	
10,275	0,53	
10,28	0,52	
10,285	0,49	
10,29	0,46	
10,295	0,4	
10,3	0,38	
10,305	0,37	
10,31	0,37	
10,315	0,38	
10,32	0,37	
10,325	0,36	
10,33	0,33	
10,335	0,29	
10,34	0,26	
10,345	0,23	
10,35	0,21	
10,355	0,2	
10,36	0,21	
10,365	0,21	
10,37	0,2	
10,375	0,18	
10,38	0,13	
10,385	0,09	
10,39	0,05	
10,395	0,02	
10,4	0,01	
10,405	0	
10,41	0,01	
10,415	0	
10,42	-0,01	
10,425	-0,04	
10,43	-0,09	
10,435	-0,13	
10,44	-0,16	
10,445	-0,18	
10,45	-0,18	
10,455	-0,18	
10,46	-0,18	
10,465	-0,2	
10,47	-0,23	
10,475	-0,27	
10,48	-0,31	
10,485	-0,34	
10,49	-0,35	
10,495	-0,35	
10,5	-0,34	
10,505	-0,34	
10,51	-0,36	
10,515	-0,38	
10,52	-0,42	
10,525	-0,46	
10,53	-0,49	
10,535	-0,5	
10,54	-0,5	
10,545	-0,49	
10,55	-0,49	
10,555	-0,49	
10,56	-0,52	
10,565	-0,55	
10,57	-0,59	
10,575	-0,61	
10,58	-0,62	
10,585	-0,62	
10,59	-0,61	
10,595	-0,59	
10,6	-0,6	
10,605	-0,61	
10,61	-0,64	
10,615	-0,67	
10,62	-0,7	
10,625	-0,7	
10,63	-0,69	
10,635	-0,68	
10,64	-0,66	
10,645	-0,67	
10,65	-0,67	
10,655	-0,7	
10,66	-0,73	
10,665	-0,75	
10,67	-0,75	
10,675	-0,74	
10,68	-0,72	
10,685	-0,7	
10,69	-0,68	
10,695	-0,69	
10,7	-0,72	
10,705	-0,74	
10,71	-0,75	
10,715	-0,75	
10,72	-0,73	
10,725	-0,7	
10,73	-0,68	
10,735	-0,66	
10,74	-0,66	
10,745	-0,67	
10,75	-0,69	
10,755	-0,7	
10,76	-0,71	
10,765	-0,69	
10,77	-0,66	
10,775	-0,63	
10,78	-0,6	
10,785	-0,59	
10,79	-0,6	
10,795	-0,61	
10,8	-0,62	
10,805	-0,61	
10,81	-0,59	
10,815	-0,56	
10,82	-0,53	
10,825	-0,5	
10,83	-0,48	
10,835	-0,48	
10,84	-0,49	
10,845	-0,49	
10,85	-0,49	
10,855	-0,47	
10,86	-0,44	
10,865	-0,38	
10,87	-0,36	
10,875	-0,34	
10,88	-0,34	
10,885	-0,34	
10,89	-0,34	
10,895	-0,33	
10,9	-0,3	
10,905	-0,27	
10,91	-0,24	
10,915	-0,2	
10,92	-0,18	
10,925	-0,18	
10,93	-0,18	
10,935	-0,17	
10,94	-0,16	
10,945	-0,12	
10,95	-0,08	
10,955	-0,05	
10,96	-0,02	
10,965	-0,01	
10,97	0	
10,975	0	
10,98	0	
10,985	0,02	
10,99	0,04	
10,995	0,08	
11,0	0,12	
11,005	0,16	
11,01	0,18	
11,015	0,19	
11,02	0,19	
11,025	0,19	
11,03	0,2	
11,035	0,23	
11,04	0,26	
11,045	0,3	
11,05	0,33	
11,055	0,35	
11,06	0,36	
11,065	0,36	
11,07	0,35	
11,075	0,36	
11,08	0,38	
11,085	0,41	
11,09	0,45	
11,095	0,48	
11,1	0,5	
11,105	0,51	
11,11	0,5	
11,115	0,49	
11,12	0,5	
11,125	0,51	
11,13	0,54	
11,135	0,57	
11,14	0,6	
11,145	0,63	
11,15	0,63	
11,155	0,63	
11,16	0,62	
11,165	0,61	
11,17	0,62	
11,175	0,63	
11,18	0,66	
11,185	0,69	
11,19	0,71	
11,195	0,71	
11,2	0,7	
11,205	0,69	
11,21	0,68	
11,215	0,69	
11,22	0,7	
11,225	0,72	
11,23	0,73	
11,235	0,74	
11,24	0,75	
11,245	0,74	
11,25	0,72	
11,255	0,71	
11,26	0,71	
11,265	0,72	
11,27	0,73	
11,275	0,74	
11,28	0,74	
11,285	0,73	
11,29	0,71	
11,295	0,7	
11,3	0,68	
11,305	0,68	
11,31	0,69	
11,315	0,7	
11,32	0,71	
11,325	0,71	
11,33	0,69	
11,335	0,68	
11,34	0,65	
11,345	0,63	
11,35	0,62	
11,355	0,62	
11,36	0,62	
11,365	0,62	
11,37	0,61	
11,375	0,6	
11,38	0,57	
11,385	0,54	
11,39	0,52	
11,395	0,5	
11,4	0,5	
11,405	0,5	
11,41	0,5	
11,415	0,5	
11,42	0,48	
11,425	0,45	
11,43	0,4	
11,435	0,37	
11,44	0,35	
11,445	0,35	
11,45	0,35	
11,455	0,35	
11,46	0,34	
11,465	0,33	
11,47	0,3	
11,475	0,25	
11,48	0,22	
11,485	0,19	
11,49	0,18	
11,495	0,17	
11,5	0,17	
11,505	0,17	
11,51	0,14	
11,515	0,11	
11,52	0,08	
11,525	0,04	
11,53	0,01	
11,535	-0,02	
11,54	-0,02	
11,545	-0,03	
11,55	-0,03	
11,555	-0,04	
11,56	-0,06	
11,565	-0,09	
11,57	-0,13	
11,575	-0,17	
11,58	-0,19	
11,585	-0,2	
11,59	-0,22	
11,595	-0,21	
11,6	-0,22	
11,605	-0,24	
11,61	-0,27	
11,615	-0,31	
11,62	-0,34	
11,625	-0,36	
11,63	-0,38	
11,635	-0,38	
11,64	-0,38	
11,645	-0,39	
11,65	-0,41	
11,655	-0,43	
11,66	-0,45	
11,665	-0,48	
11,67	-0,51	
11,675	-0,51	
11,68	-0,52	
11,685	-0,52	
11,69	-0,53	
11,695	-0,54	
11,7	-0,57	
11,705	-0,6	
11,71	-0,61	
11,715	-0,63	
11,72	-0,63	
11,725	-0,63	
11,73	-0,63	
11,735	-0,63	
11,74	-0,64	
11,745	-0,65	
11,75	-0,68	
11,755	-0,7	
11,76	-0,71	
11,765	-0,71	
11,77	-0,7	
11,775	-0,69	
11,78	-0,69	
11,785	-0,7	
11,79	-0,71	
11,795	-0,73	
11,8	-0,75	
11,805	-0,75	
11,81	-0,75	
11,815	-0,73	
11,82	-0,72	
11,825	-0,71	
11,83	-0,71	
11,835	-0,73	
11,84	-0,74	
11,845	-0,75	
11,85	-0,75	
11,855	-0,74	
11,86	-0,72	
11,865	-0,7	
11,87	-0,68	
11,875	-0,68	
11,88	-0,68	
11,885	-0,68	
11,89	-0,7	
11,895	-0,7	
11,9	-0,69	
11,905	-0,67	
11,91	-0,65	
11,915	-0,61	
11,92	-0,6	
11,925	-0,6	
11,93	-0,6	
11,935	-0,61	
11,94	-0,6	
11,945	-0,59	
11,95	-0,57	
11,955	-0,54	
11,96	-0,52	
11,965	-0,5	
11,97	-0,49	
11,975	-0,48	
11,98	-0,48	
11,985	-0,47	
11,99	-0,46	
11,995	-0,43	
12,0	-0,4	
12,005	-0,37	
12,01	-0,35	
12,015	-0,34	
12,02	-0,33	
12,025	-0,32	
12,03	-0,31	
12,035	-0,29	
12,04	-0,27	
12,045	-0,24	
12,05	-0,22	
12,055	-0,19	
12,06	-0,17	
12,065	-0,16	
12,07	-0,15	
12,075	-0,13	
12,08	-0,11	
12,085	-0,08	
12,09	-0,06	
12,095	-0,03	
12,1	-0,01	
