t, ñ	wz	
0,0	0	
0,005	0	
0,01	0	
0,015	0	
0,02	0	
0,025	0	
0,03	0	
0,035	0	
0,04	0	
0,045	0	
0,05	0	
0,055	0	
0,06	0	
0,065	0	
0,07	0	
0,075	0	
0,08	0	
0,085	0,01	
0,09	0	
0,095	0	
0,1	0	
0,105	0	
0,11	0	
0,115	0	
0,12	0	
0,125	0	
0,13	0	
0,135	0	
0,14	0	
0,145	0	
0,15	0	
0,155	0,01	
0,16	0,01	
0,165	0,01	
0,17	0,01	
0,175	0	
0,18	0	
0,185	0	
0,19	-0,01	
0,195	-0,01	
0,2	0	
0,205	0	
0,21	0,01	
0,215	0,02	
0,22	0,02	
0,225	0,01	
0,23	0	
0,235	-0,03	
0,24	-0,04	
0,245	-0,04	
0,25	0	
0,255	0,04	
0,26	0,05	
0,265	0,04	
0,27	0,01	
0,275	-0,02	
0,28	-0,03	
0,285	-0,02	
0,29	-0,01	
0,295	0	
0,3	-0,01	
0,305	-0,01	
0,31	-0,01	
0,315	-0,01	
0,32	0	
0,325	0,01	
0,33	0,01	
0,335	0,01	
0,34	0,01	
0,345	0	
0,35	0,01	
0,355	0	
0,36	0	
0,365	0	
0,37	0	
0,375	0	
0,38	0	
0,385	-0,01	
0,39	-0,01	
0,395	-0,01	
0,4	0	
0,405	0,01	
0,41	0,01	
0,415	0,01	
0,42	0,01	
0,425	0	
0,43	0,01	
0,435	0,01	
0,44	0,01	
0,445	0	
0,45	-0,01	
0,455	-0,02	
0,46	-0,02	
0,465	-0,01	
0,47	0	
0,475	0	
0,48	0	
0,485	0	
0,49	0	
0,495	0,01	
0,5	0,01	
0,505	0,01	
0,51	0	
0,515	0	
0,52	-0,01	
0,525	-0,01	
0,53	-0,01	
0,535	-0,01	
0,54	-0,01	
0,545	-0,01	
0,55	-0,01	
0,555	0	
0,56	0,01	
0,565	0,01	
0,57	0,01	
0,575	0,01	
0,58	0,01	
0,585	0	
0,59	0	
0,595	0	
0,6	-0,01	
0,605	-0,01	
0,61	-0,01	
0,615	-0,01	
0,62	0	
0,625	-0,01	
0,63	0	
0,635	0	
0,64	0	
0,645	0,01	
0,65	0,01	
0,655	0,01	
0,66	0	
0,665	0	
0,67	0	
0,675	0,01	
0,68	0	
0,685	0	
0,69	-0,01	
0,695	-0,01	
0,7	0	
0,705	0	
0,71	0,01	
0,715	0	
0,72	0,01	
0,725	0	
0,73	0,01	
0,735	0,01	
0,74	0,01	
0,745	0,01	
0,75	0	
0,755	0	
0,76	0	
0,765	0	
0,77	0	
0,775	0	
0,78	0	
0,785	0	
0,79	0	
0,795	0	
0,8	0	
0,805	0	
0,81	0	
0,815	0	
0,82	0	
0,825	0	
0,83	0	
0,835	0	
0,84	-0,01	
0,845	0	
0,85	0	
0,855	0	
0,86	0	
0,865	0	
0,87	0	
0,875	0,01	
0,88	0	
0,885	0	
0,89	0	
0,895	0	
0,9	0	
0,905	0	
0,91	0	
0,915	0	
0,92	0	
0,925	0	
0,93	0	
0,935	0	
0,94	0	
0,945	0	
0,95	0	
0,955	0	
0,96	0	
0,965	0	
0,97	0	
0,975	0	
0,98	0	
0,985	0	
0,99	0	
0,995	0	
1,0	0	
1,005	0	
1,01	0	
1,015	0	
1,02	0	
1,025	0	
1,03	0	
1,035	0	
1,04	0	
1,045	0	
1,05	0	
1,055	0	
1,06	0	
1,065	-0,01	
1,07	0	
1,075	0	
1,08	0	
1,085	0	
1,09	0,01	
1,095	0	
1,1	0	
1,105	0	
1,11	0	
1,115	0	
1,12	0	
1,125	0	
1,13	0	
1,135	0	
1,14	0	
1,145	0	
1,15	0	
1,155	0	
1,16	0	
1,165	0	
1,17	0	
1,175	0	
1,18	0	
1,185	0	
1,19	-0,01	
1,195	-0,01	
1,2	0	
1,205	0	
1,21	0	
1,215	0	
1,22	0	
1,225	0	
1,23	0	
1,235	0	
1,24	0	
1,245	0	
1,25	0	
1,255	0	
1,26	0	
1,265	0	
1,27	0	
1,275	0	
1,28	0	
1,285	0	
1,29	0	
1,295	0	
1,3	0	
1,305	0	
1,31	0	
1,315	0	
1,32	0	
1,325	0	
1,33	0	
1,335	0	
1,34	0	
1,345	0	
1,35	0	
1,355	0	
1,36	0	
1,365	0	
1,37	0	
1,375	0	
1,38	0	
1,385	0	
1,39	0	
1,395	0	
1,4	0	
1,405	0	
1,41	0	
1,415	0	
1,42	0	
1,425	0	
1,43	0	
1,435	0	
1,44	0	
1,445	0	
1,45	0	
1,455	0	
1,46	0	
1,465	0	
1,47	0	
1,475	0	
1,48	0	
1,485	0	
1,49	0	
1,495	0	
1,5	0	
1,505	0	
1,51	0	
1,515	0	
1,52	0	
1,525	0	
1,53	0	
1,535	0	
1,54	0	
1,545	0	
1,55	0	
1,555	0	
1,56	0	
1,565	0	
1,57	0	
1,575	0	
1,58	0	
1,585	0	
1,59	0	
1,595	0	
1,6	0	
1,605	0	
1,61	0	
1,615	0	
1,62	0	
1,625	0	
1,63	0	
1,635	0	
1,64	0	
1,645	0	
1,65	0	
1,655	0	
1,66	0	
1,665	0	
1,67	0	
1,675	0	
1,68	0	
1,685	0	
1,69	0	
1,695	0	
1,7	0	
1,705	0	
1,71	0	
1,715	0	
1,72	0	
1,725	0	
1,73	0	
1,735	0	
1,74	0	
1,745	0	
1,75	0	
1,755	0	
1,76	0	
1,765	0	
1,77	0	
1,775	0	
1,78	0	
1,785	0	
1,79	0	
1,795	0	
1,8	-0,01	
1,805	0	
1,81	0	
1,815	0	
1,82	0	
1,825	0	
1,83	0	
1,835	0	
1,84	0	
1,845	0	
1,85	0	
1,855	0	
1,86	0	
1,865	0	
1,87	0	
1,875	0	
1,88	0	
1,885	0	
1,89	0	
1,895	0	
1,9	0	
1,905	0	
1,91	0	
1,915	0	
1,92	0	
1,925	0	
1,93	0	
1,935	0	
1,94	0	
1,945	0	
1,95	0	
1,955	0	
1,96	0	
1,965	0	
1,97	0	
1,975	0	
1,98	0	
1,985	0	
1,99	0	
1,995	0	
2,0	0	
2,005	0	
2,01	0	
2,015	0	
2,02	-0,01	
2,025	-0,01	
2,03	-0,01	
2,035	-0,01	
2,04	0	
2,045	0	
2,05	0	
2,055	0	
2,06	0	
2,065	0	
2,07	0	
2,075	0	
2,08	0	
2,085	0	
2,09	0	
2,095	0	
2,1	0	
2,105	0	
2,11	0	
2,115	0	
2,12	0	
2,125	0	
2,13	0	
2,135	0	
2,14	0	
2,145	0	
2,15	0	
2,155	0	
2,16	0	
2,165	0	
2,17	0	
2,175	0	
2,18	0	
2,185	0	
2,19	0	
2,195	0	
2,2	0	
2,205	0	
2,21	0	
2,215	0	
2,22	0	
2,225	0	
2,23	0	
2,235	0	
2,24	0	
2,245	0	
2,25	0	
2,255	0	
2,26	0	
2,265	0	
2,27	0	
2,275	0	
2,28	0	
2,285	0	
2,29	0	
2,295	0	
2,3	0	
2,305	0	
2,31	0	
2,315	0	
2,32	0	
2,325	0	
2,33	0	
2,335	0	
2,34	0	
2,345	0	
2,35	0	
2,355	0	
2,36	0	
2,365	0,01	
2,37	0	
2,375	0	
2,38	0	
2,385	0	
2,39	0	
2,395	0	
2,4	0	
2,405	0	
2,41	0	
2,415	0	
2,42	0	
2,425	0	
2,43	0	
2,435	0	
2,44	0	
2,445	0	
2,45	-0,01	
2,455	-0,01	
2,46	-0,02	
2,465	-0,02	
2,47	-0,02	
2,475	-0,01	
2,48	0,01	
2,485	0	
2,49	-0,01	
2,495	0,01	
2,5	0,04	
2,505	0,09	
2,51	0,13	
2,515	0,21	
2,52	0,26	
2,525	0,28	
2,53	0,25	
2,535	0,23	
2,54	0,23	
2,545	0,23	
2,55	0,27	
2,555	0,33	
2,56	0,4	
2,565	0,43	
2,57	0,45	
2,575	0,44	
2,58	0,4	
2,585	0,4	
2,59	0,41	
2,595	0,46	
2,6	0,51	
2,605	0,56	
2,61	0,59	
2,615	0,58	
2,62	0,57	
2,625	0,54	
2,63	0,55	
2,635	0,57	
2,64	0,61	
2,645	0,66	
2,65	0,7	
2,655	0,72	
2,66	0,69	
2,665	0,67	
2,67	0,65	
2,675	0,66	
2,68	0,68	
2,685	0,73	
2,69	0,78	
2,695	0,8	
2,7	0,8	
2,705	0,75	
2,71	0,72	
2,715	0,69	
2,72	0,7	
2,725	0,74	
2,73	0,79	
2,735	0,84	
2,74	0,85	
2,745	0,85	
2,75	0,78	
2,755	0,73	
2,76	0,7	
2,765	0,7	
2,77	0,74	
2,775	0,79	
2,78	0,84	
2,785	0,85	
2,79	0,83	
2,795	0,75	
2,8	0,69	
2,805	0,66	
2,81	0,65	
2,815	0,69	
2,82	0,74	
2,825	0,78	
2,83	0,79	
2,835	0,77	
2,84	0,68	
2,845	0,62	
2,85	0,58	
2,855	0,57	
2,86	0,6	
2,865	0,64	
2,87	0,67	
2,875	0,68	
2,88	0,65	
2,885	0,56	
2,89	0,5	
2,895	0,46	
2,9	0,45	
2,905	0,48	
2,91	0,51	
2,915	0,53	
2,92	0,52	
2,925	0,48	
2,93	0,4	
2,935	0,33	
2,94	0,3	
2,945	0,3	
2,95	0,32	
2,955	0,35	
2,96	0,36	
2,965	0,34	
2,97	0,3	
2,975	0,23	
2,98	0,14	
2,985	0,12	
2,99	0,12	
2,995	0,14	
3,0	0,17	
3,005	0,17	
3,01	0,15	
3,015	0,09	
3,02	0,02	
3,025	-0,07	
3,03	-0,09	
3,035	-0,08	
3,04	-0,05	
3,045	-0,02	
3,05	-0,02	
3,055	-0,06	
3,06	-0,12	
3,065	-0,19	
3,07	-0,28	
3,075	-0,3	
3,08	-0,28	
3,085	-0,26	
3,09	-0,23	
3,095	-0,23	
3,1	-0,25	
3,105	-0,31	
3,11	-0,39	
3,115	-0,47	
3,12	-0,49	
3,125	-0,48	
3,13	-0,45	
3,135	-0,42	
3,14	-0,41	
3,145	-0,43	
3,15	-0,5	
3,155	-0,57	
3,16	-0,64	
3,165	-0,66	
3,17	-0,65	
3,175	-0,61	
3,18	-0,58	
3,185	-0,58	
3,19	-0,61	
3,195	-0,65	
3,2	-0,71	
3,205	-0,78	
3,21	-0,79	
3,215	-0,77	
3,22	-0,74	
3,225	-0,71	
3,23	-0,7	
3,235	-0,72	
3,24	-0,77	
3,245	-0,82	
3,25	-0,88	
3,255	-0,88	
3,26	-0,86	
3,265	-0,82	
3,27	-0,79	
3,275	-0,78	
3,28	-0,81	
3,285	-0,85	
3,29	-0,9	
3,295	-0,93	
3,3	-0,92	
3,305	-0,89	
3,31	-0,85	
3,315	-0,82	
3,32	-0,81	
3,325	-0,83	
3,33	-0,87	
3,335	-0,91	
3,34	-0,94	
3,345	-0,92	
3,35	-0,88	
3,355	-0,84	
3,36	-0,8	
3,365	-0,79	
3,37	-0,8	
3,375	-0,83	
3,38	-0,87	
3,385	-0,88	
3,39	-0,86	
3,395	-0,82	
3,4	-0,77	
3,405	-0,73	
3,41	-0,72	
3,415	-0,73	
3,42	-0,76	
3,425	-0,79	
3,43	-0,8	
3,435	-0,76	
3,44	-0,71	
3,445	-0,65	
3,45	-0,61	
3,455	-0,6	
3,46	-0,61	
3,465	-0,64	
3,47	-0,66	
3,475	-0,67	
3,48	-0,62	
3,485	-0,57	
3,49	-0,51	
3,495	-0,46	
3,5	-0,44	
3,505	-0,44	
3,51	-0,47	
3,515	-0,49	
3,52	-0,5	
3,525	-0,45	
3,53	-0,38	
3,535	-0,31	
3,54	-0,25	
3,545	-0,23	
3,55	-0,23	
3,555	-0,27	
3,56	-0,31	
3,565	-0,33	
3,57	-0,28	
3,575	-0,21	
3,58	-0,12	
3,585	-0,05	
3,59	-0,01	
3,595	-0,02	
3,6	-0,05	
3,605	-0,09	
3,61	-0,11	
3,615	-0,07	
3,62	0	
3,625	0,08	
3,63	0,14	
3,635	0,17	
3,64	0,17	
3,645	0,14	
3,65	0,11	
3,655	0,1	
3,66	0,15	
3,665	0,21	
3,67	0,28	
3,675	0,33	
3,68	0,35	
3,685	0,34	
3,69	0,32	
3,695	0,29	
3,7	0,29	
3,705	0,34	
3,71	0,4	
3,715	0,46	
3,72	0,51	
3,725	0,52	
3,73	0,5	
3,735	0,47	
3,74	0,45	
3,745	0,44	
3,75	0,5	
3,755	0,56	
3,76	0,62	
3,765	0,66	
3,77	0,66	
3,775	0,64	
3,78	0,6	
3,785	0,57	
3,79	0,56	
3,795	0,61	
3,8	0,68	
3,805	0,73	
3,81	0,77	
3,815	0,77	
3,82	0,75	
3,825	0,7	
3,83	0,66	
3,835	0,65	
3,84	0,67	
3,845	0,74	
3,85	0,79	
3,855	0,83	
3,86	0,84	
3,865	0,81	
3,87	0,76	
3,875	0,71	
3,88	0,69	
3,885	0,69	
3,89	0,75	
3,895	0,81	
3,9	0,85	
3,905	0,85	
3,91	0,82	
3,915	0,78	
3,92	0,73	
3,925	0,69	
3,93	0,69	
3,935	0,73	
3,94	0,77	
3,945	0,79	
3,95	0,79	
3,955	0,77	
3,96	0,72	
3,965	0,68	
3,97	0,66	
3,975	0,66	
3,98	0,67	
3,985	0,68	
3,99	0,69	
3,995	0,67	
4,0	0,65	
4,005	0,62	
4,01	0,61	
4,015	0,57	
4,02	0,56	
4,025	0,57	
4,03	0,57	
4,035	0,56	
4,04	0,54	
4,045	0,52	
4,05	0,48	
4,055	0,45	
4,06	0,42	
4,065	0,43	
4,07	0,44	
4,075	0,44	
4,08	0,43	
4,085	0,39	
4,09	0,35	
4,095	0,29	
4,1	0,26	
4,105	0,24	
4,11	0,25	
4,115	0,28	
4,12	0,27	
4,125	0,26	
4,13	0,22	
4,135	0,17	
4,14	0,12	
4,145	0,07	
4,15	0,05	
4,155	0,04	
4,16	0,06	
4,165	0,07	
4,17	0,06	
4,175	0,04	
4,18	-0,01	
4,185	-0,05	
4,19	-0,11	
4,195	-0,14	
4,2	-0,17	
4,205	-0,16	
4,21	-0,15	
4,215	-0,15	
4,22	-0,15	
4,225	-0,2	
4,23	-0,23	
4,235	-0,29	
4,24	-0,31	
4,245	-0,35	
4,25	-0,36	
4,255	-0,34	
4,26	-0,35	
4,265	-0,35	
4,27	-0,38	
4,275	-0,41	
4,28	-0,45	
4,285	-0,47	
4,29	-0,5	
4,295	-0,52	
4,3	-0,53	
4,305	-0,54	
4,31	-0,55	
4,315	-0,56	
4,32	-0,57	
4,325	-0,58	
4,33	-0,61	
4,335	-0,62	
4,34	-0,64	
4,345	-0,66	
4,35	-0,67	
4,355	-0,69	
4,36	-0,69	
4,365	-0,71	
4,37	-0,71	
4,375	-0,73	
4,38	-0,73	
4,385	-0,74	
4,39	-0,74	
4,395	-0,75	
4,4	-0,77	
4,405	-0,78	
4,41	-0,81	
4,415	-0,81	
4,42	-0,82	
4,425	-0,8	
4,43	-0,8	
4,435	-0,79	
4,44	-0,79	
4,445	-0,81	
4,45	-0,82	
4,455	-0,84	
4,46	-0,84	
4,465	-0,84	
4,47	-0,83	
4,475	-0,83	
4,48	-0,81	
4,485	-0,79	
4,49	-0,8	
4,495	-0,78	
4,5	-0,79	
4,505	-0,8	
4,51	-0,82	
4,515	-0,82	
4,52	-0,81	
4,525	-0,79	
4,53	-0,75	
4,535	-0,73	
4,54	-0,72	
4,545	-0,72	
4,55	-0,72	
4,555	-0,72	
4,56	-0,73	
4,565	-0,72	
4,57	-0,7	
4,575	-0,68	
4,58	-0,65	
4,585	-0,64	
4,59	-0,61	
4,595	-0,6	
4,6	-0,59	
4,605	-0,59	
4,61	-0,58	
4,615	-0,58	
4,62	-0,57	
4,625	-0,54	
4,63	-0,51	
4,635	-0,47	
4,64	-0,45	
4,645	-0,43	
4,65	-0,42	
4,655	-0,41	
4,66	-0,41	
4,665	-0,4	
4,67	-0,37	
4,675	-0,35	
4,68	-0,31	
4,685	-0,27	
4,69	-0,24	
4,695	-0,22	
4,7	-0,22	
4,705	-0,22	
4,71	-0,22	
4,715	-0,2	
4,72	-0,17	
4,725	-0,12	
4,73	-0,07	
4,735	-0,04	
4,74	-0,01	
4,745	0	
4,75	0	
4,755	-0,01	
4,76	0	
4,765	0,04	
4,77	0,07	
4,775	0,11	
4,78	0,15	
4,785	0,18	
4,79	0,18	
4,795	0,18	
4,8	0,19	
4,805	0,2	
4,81	0,23	
4,815	0,26	
4,82	0,31	
4,825	0,34	
4,83	0,35	
4,835	0,35	
4,84	0,35	
4,845	0,35	
4,85	0,37	
4,855	0,4	
4,86	0,44	
4,865	0,48	
4,87	0,5	
4,875	0,51	
4,88	0,51	
4,885	0,5	
4,89	0,5	
4,895	0,52	
4,9	0,55	
4,905	0,59	
4,91	0,62	
4,915	0,64	
4,92	0,64	
4,925	0,63	
4,93	0,61	
4,935	0,61	
4,94	0,62	
4,945	0,65	
4,95	0,69	
4,955	0,73	
4,96	0,74	
4,965	0,73	
4,97	0,71	
4,975	0,69	
4,98	0,67	
4,985	0,68	
4,99	0,71	
4,995	0,75	
5,0	0,78	
5,005	0,8	
5,01	0,78	
5,015	0,76	
5,02	0,72	
5,025	0,7	
5,03	0,71	
5,035	0,73	
5,04	0,76	
5,045	0,78	
5,05	0,8	
5,055	0,78	
5,06	0,75	
5,065	0,72	
5,07	0,68	
5,075	0,68	
5,08	0,69	
5,085	0,72	
5,09	0,74	
5,095	0,75	
5,1	0,73	
5,105	0,7	
5,11	0,67	
5,115	0,63	
5,12	0,62	
5,125	0,63	
5,13	0,65	
5,135	0,65	
5,14	0,65	
5,145	0,63	
5,15	0,59	
5,155	0,55	
5,16	0,52	
5,165	0,52	
5,17	0,52	
5,175	0,52	
5,18	0,53	
5,185	0,51	
5,19	0,48	
5,195	0,45	
5,2	0,42	
5,205	0,39	
5,21	0,38	
5,215	0,38	
5,22	0,38	
5,225	0,38	
5,23	0,35	
5,235	0,32	
5,24	0,28	
5,245	0,24	
5,25	0,21	
5,255	0,21	
5,26	0,22	
5,265	0,22	
5,27	0,21	
5,275	0,18	
5,28	0,14	
5,285	0,09	
5,29	0,05	
5,295	0,02	
5,3	0,02	
5,305	0,02	
5,31	0,03	
5,315	0,02	
5,32	-0,01	
5,325	-0,05	
5,33	-0,1	
5,335	-0,14	
5,34	-0,17	
5,345	-0,18	
5,35	-0,17	
5,355	-0,17	
5,36	-0,17	
5,365	-0,19	
5,37	-0,23	
5,375	-0,27	
5,38	-0,32	
5,385	-0,35	
5,39	-0,36	
5,395	-0,36	
5,4	-0,35	
5,405	-0,36	
5,41	-0,37	
5,415	-0,4	
5,42	-0,44	
5,425	-0,48	
5,43	-0,5	
5,435	-0,52	
5,44	-0,52	
5,445	-0,51	
5,45	-0,52	
5,455	-0,53	
5,46	-0,56	
5,465	-0,58	
5,47	-0,61	
5,475	-0,63	
5,48	-0,64	
5,485	-0,64	
5,49	-0,64	
5,495	-0,65	
5,5	-0,66	
5,505	-0,68	
5,51	-0,7	
5,515	-0,71	
5,52	-0,72	
5,525	-0,72	
5,53	-0,72	
5,535	-0,72	
5,54	-0,72	
5,545	-0,74	
5,55	-0,76	
5,555	-0,77	
5,56	-0,78	
5,565	-0,79	
5,57	-0,77	
5,575	-0,76	
5,58	-0,75	
5,585	-0,75	
5,59	-0,76	
5,595	-0,78	
5,6	-0,79	
5,605	-0,8	
5,61	-0,8	
5,615	-0,77	
5,62	-0,75	
5,625	-0,74	
5,63	-0,73	
5,635	-0,74	
5,64	-0,76	
5,645	-0,77	
5,65	-0,77	
5,655	-0,77	
5,66	-0,74	
5,665	-0,71	
5,67	-0,69	
5,675	-0,68	
5,68	-0,68	
5,685	-0,69	
5,69	-0,69	
5,695	-0,69	
5,7	-0,69	
5,705	-0,67	
5,71	-0,62	
5,715	-0,6	
5,72	-0,58	
5,725	-0,57	
5,73	-0,57	
5,735	-0,57	
5,74	-0,57	
5,745	-0,56	
5,75	-0,54	
5,755	-0,5	
5,76	-0,47	
5,765	-0,44	
5,77	-0,43	
5,775	-0,42	
5,78	-0,42	
5,785	-0,41	
5,79	-0,4	
5,795	-0,38	
5,8	-0,34	
5,805	-0,32	
5,81	-0,3	
5,815	-0,27	
5,82	-0,25	
5,825	-0,23	
5,83	-0,21	
5,835	-0,19	
5,84	-0,18	
5,845	-0,17	
5,85	-0,15	
5,855	-0,13	
5,86	-0,11	
5,865	-0,08	
5,87	-0,04	
5,875	-0,02	
5,88	0,01	
5,885	0,02	
5,89	0,03	
5,895	0,05	
5,9	0,06	
5,905	0,08	
5,91	0,11	
5,915	0,15	
5,92	0,17	
5,925	0,2	
5,93	0,22	
5,935	0,23	
5,94	0,24	
5,945	0,25	
5,95	0,27	
5,955	0,29	
5,96	0,32	
5,965	0,35	
5,97	0,37	
5,975	0,39	
5,98	0,4	
5,985	0,41	
5,99	0,42	
5,995	0,43	
6,0	0,45	
6,005	0,48	
6,01	0,5	
6,015	0,52	
6,02	0,53	
6,025	0,54	
6,03	0,55	
6,035	0,55	
6,04	0,56	
6,045	0,58	
6,05	0,59	
6,055	0,61	
6,06	0,63	
6,065	0,64	
6,07	0,65	
6,075	0,65	
6,08	0,65	
6,085	0,66	
6,09	0,67	
6,095	0,69	
6,1	0,71	
6,105	0,72	
6,11	0,72	
6,115	0,71	
6,12	0,7	
6,125	0,7	
6,13	0,7	
6,135	0,72	
6,14	0,74	
6,145	0,75	
6,15	0,75	
6,155	0,75	
6,16	0,74	
6,165	0,72	
6,17	0,71	
6,175	0,71	
6,18	0,73	
6,185	0,73	
6,19	0,75	
6,195	0,75	
6,2	0,74	
6,205	0,72	
6,21	0,68	
6,215	0,67	
6,22	0,66	
6,225	0,67	
6,23	0,68	
6,235	0,7	
6,24	0,7	
6,245	0,68	
6,25	0,65	
6,255	0,61	
6,26	0,58	
6,265	0,57	
6,27	0,58	
6,275	0,59	
6,28	0,59	
6,285	0,59	
6,29	0,58	
6,295	0,55	
6,3	0,49	
6,305	0,46	
6,31	0,45	
6,315	0,44	
6,32	0,45	
6,325	0,45	
6,33	0,46	
6,335	0,44	
6,34	0,41	
6,345	0,36	
6,35	0,32	
6,355	0,3	
6,36	0,29	
6,365	0,3	
6,37	0,3	
6,375	0,29	
6,38	0,27	
6,385	0,24	
6,39	0,19	
6,395	0,15	
6,4	0,13	
6,405	0,12	
6,41	0,12	
6,415	0,11	
6,42	0,1	
6,425	0,08	
6,43	0,05	
6,435	-0,01	
6,44	-0,04	
6,445	-0,05	
6,45	-0,06	
6,455	-0,06	
6,46	-0,06	
6,465	-0,07	
6,47	-0,1	
6,475	-0,14	
6,48	-0,19	
6,485	-0,22	
6,49	-0,24	
6,495	-0,24	
6,5	-0,24	
6,505	-0,24	
6,51	-0,25	
6,515	-0,28	
6,52	-0,31	
6,525	-0,37	
6,53	-0,4	
6,535	-0,41	
6,54	-0,41	
6,545	-0,4	
6,55	-0,39	
6,555	-0,41	
6,56	-0,43	
6,565	-0,47	
6,57	-0,51	
6,575	-0,55	
6,58	-0,57	
6,585	-0,56	
6,59	-0,54	
6,595	-0,53	
6,6	-0,54	
6,605	-0,55	
6,61	-0,59	
6,615	-0,63	
6,62	-0,67	
6,625	-0,68	
6,63	-0,67	
6,635	-0,66	
6,64	-0,64	
6,645	-0,64	
6,65	-0,65	
6,655	-0,68	
6,66	-0,72	
6,665	-0,75	
6,67	-0,76	
6,675	-0,75	
6,68	-0,73	
6,685	-0,71	
6,69	-0,7	
6,695	-0,71	
6,7	-0,73	
6,705	-0,76	
6,71	-0,78	
6,715	-0,78	
6,72	-0,77	
6,725	-0,75	
6,73	-0,73	
6,735	-0,72	
6,74	-0,73	
6,745	-0,74	
6,75	-0,76	
6,755	-0,77	
6,76	-0,76	
6,765	-0,74	
6,77	-0,72	
6,775	-0,7	
6,78	-0,69	
6,785	-0,69	
6,79	-0,71	
6,795	-0,72	
6,8	-0,72	
6,805	-0,71	
6,81	-0,68	
6,815	-0,65	
6,82	-0,63	
6,825	-0,62	
6,83	-0,62	
6,835	-0,62	
6,84	-0,63	
6,845	-0,63	
6,85	-0,6	
6,855	-0,57	
6,86	-0,54	
6,865	-0,51	
6,87	-0,5	
6,875	-0,49	
6,88	-0,5	
6,885	-0,51	
6,89	-0,49	
6,895	-0,47	
6,9	-0,44	
6,905	-0,4	
6,91	-0,37	
6,915	-0,35	
6,92	-0,34	
6,925	-0,34	
6,93	-0,34	
6,935	-0,33	
6,94	-0,31	
6,945	-0,28	
6,95	-0,24	
6,955	-0,2	
6,96	-0,16	
6,965	-0,14	
6,97	-0,14	
6,975	-0,15	
6,98	-0,15	
6,985	-0,14	
6,99	-0,11	
6,995	-0,06	
7,0	-0,01	
7,005	0,03	
7,01	0,05	
7,015	0,06	
7,02	0,05	
7,025	0,04	
7,03	0,06	
7,035	0,09	
7,04	0,13	
7,045	0,18	
7,05	0,21	
7,055	0,23	
7,06	0,24	
7,065	0,23	
7,07	0,23	
7,075	0,24	
7,08	0,27	
7,085	0,31	
7,09	0,36	
7,095	0,39	
7,1	0,4	
7,105	0,41	
7,11	0,4	
7,115	0,39	
7,12	0,4	
7,125	0,43	
7,13	0,47	
7,135	0,5	
7,14	0,53	
7,145	0,55	
7,15	0,55	
7,155	0,54	
7,16	0,54	
7,165	0,54	
7,17	0,56	
7,175	0,59	
7,18	0,62	
7,185	0,65	
7,19	0,66	
7,195	0,66	
7,2	0,66	
7,205	0,65	
7,21	0,64	
7,215	0,65	
7,22	0,68	
7,225	0,7	
7,23	0,72	
7,235	0,73	
7,24	0,73	
7,245	0,72	
7,25	0,7	
7,255	0,69	
7,26	0,7	
7,265	0,72	
7,27	0,74	
7,275	0,76	
7,28	0,76	
7,285	0,76	
7,29	0,74	
7,295	0,72	
7,3	0,7	
7,305	0,7	
7,31	0,71	
7,315	0,73	
7,32	0,74	
7,325	0,74	
7,33	0,74	
7,335	0,72	
7,34	0,69	
7,345	0,67	
7,35	0,66	
7,355	0,67	
7,36	0,68	
7,365	0,69	
7,37	0,69	
7,375	0,67	
7,38	0,65	
7,385	0,62	
7,39	0,59	
7,395	0,57	
7,4	0,57	
7,405	0,58	
7,41	0,59	
7,415	0,58	
7,42	0,57	
7,425	0,55	
7,43	0,52	
7,435	0,49	
7,44	0,45	
7,445	0,44	
7,45	0,45	
7,455	0,45	
7,46	0,45	
7,465	0,44	
7,47	0,41	
7,475	0,37	
7,48	0,33	
7,485	0,29	
7,49	0,29	
7,495	0,28	
7,5	0,28	
7,505	0,28	
7,51	0,27	
7,515	0,24	
7,52	0,21	
7,525	0,17	
7,53	0,13	
7,535	0,11	
7,54	0,11	
7,545	0,1	
7,55	0,09	
7,555	0,07	
7,56	0,05	
7,565	0,02	
7,57	-0,02	
7,575	-0,05	
7,58	-0,07	
7,585	-0,08	
7,59	-0,08	
7,595	-0,09	
7,6	-0,1	
7,605	-0,13	
7,61	-0,17	
7,615	-0,2	
7,62	-0,24	
7,625	-0,25	
7,63	-0,26	
7,635	-0,26	
7,64	-0,27	
7,645	-0,28	
7,65	-0,31	
7,655	-0,34	
7,66	-0,38	
7,665	-0,41	
7,67	-0,42	
7,675	-0,42	
7,68	-0,42	
7,685	-0,42	
7,69	-0,44	
7,695	-0,46	
7,7	-0,5	
7,705	-0,53	
7,71	-0,57	
7,715	-0,58	
7,72	-0,57	
7,725	-0,56	
7,73	-0,56	
7,735	-0,56	
7,74	-0,59	
7,745	-0,61	
7,75	-0,65	
7,755	-0,68	
7,76	-0,68	
7,765	-0,68	
7,77	-0,67	
7,775	-0,66	
7,78	-0,66	
7,785	-0,67	
7,79	-0,7	
7,795	-0,72	
7,8	-0,75	
7,805	-0,76	
7,81	-0,75	
7,815	-0,74	
7,82	-0,72	
7,825	-0,72	
7,83	-0,72	
7,835	-0,74	
7,84	-0,76	
7,845	-0,78	
7,85	-0,78	
7,855	-0,77	
7,86	-0,76	
7,865	-0,74	
7,87	-0,73	
7,875	-0,73	
7,88	-0,74	
7,885	-0,75	
7,89	-0,76	
7,895	-0,76	
7,9	-0,75	
7,905	-0,73	
7,91	-0,71	
7,915	-0,69	
7,92	-0,69	
7,925	-0,69	
7,93	-0,7	
7,935	-0,7	
7,94	-0,7	
7,945	-0,68	
7,95	-0,65	
7,955	-0,63	
7,96	-0,61	
7,965	-0,6	
7,97	-0,6	
7,975	-0,6	
7,98	-0,6	
7,985	-0,58	
7,99	-0,56	
7,995	-0,54	
8,0	-0,51	
8,005	-0,49	
8,01	-0,48	
8,015	-0,47	
8,02	-0,47	
8,025	-0,47	
8,03	-0,45	
8,035	-0,43	
8,04	-0,39	
8,045	-0,36	
8,05	-0,33	
8,055	-0,31	
8,06	-0,3	
8,065	-0,3	
8,07	-0,3	
8,075	-0,29	
8,08	-0,26	
8,085	-0,23	
8,09	-0,18	
8,095	-0,15	
8,1	-0,12	
8,105	-0,11	
8,11	-0,11	
8,115	-0,11	
8,12	-0,11	
8,125	-0,09	
8,13	-0,05	
8,135	0	
8,14	0,04	
8,145	0,08	
8,15	0,09	
8,155	0,1	
8,16	0,08	
8,165	0,08	
8,17	0,1	
8,175	0,14	
8,18	0,18	
8,185	0,23	
8,19	0,27	
8,195	0,28	
8,2	0,28	
8,205	0,28	
8,21	0,27	
8,215	0,28	
8,22	0,32	
8,225	0,36	
8,23	0,4	
8,235	0,43	
8,24	0,45	
8,245	0,45	
8,25	0,44	
8,255	0,43	
8,26	0,44	
8,265	0,47	
8,27	0,51	
8,275	0,55	
8,28	0,58	
8,285	0,6	
8,29	0,59	
8,295	0,58	
8,3	0,57	
8,305	0,57	
8,31	0,59	
8,315	0,62	
8,32	0,66	
8,325	0,69	
8,33	0,7	
8,335	0,7	
8,34	0,68	
8,345	0,66	
8,35	0,65	
8,355	0,67	
8,36	0,7	
8,365	0,74	
8,37	0,76	
8,375	0,77	
8,38	0,76	
8,385	0,74	
8,39	0,72	
8,395	0,71	
8,4	0,72	
8,405	0,74	
8,41	0,77	
8,415	0,79	
8,42	0,79	
8,425	0,78	
8,43	0,75	
8,435	0,73	
8,44	0,71	
8,445	0,71	
8,45	0,73	
8,455	0,76	
8,46	0,77	
8,465	0,77	
8,47	0,75	
8,475	0,72	
8,48	0,68	
8,485	0,65	
8,49	0,66	
8,495	0,67	
8,5	0,69	
8,505	0,71	
8,51	0,7	
8,515	0,68	
8,52	0,64	
8,525	0,61	
8,53	0,57	
8,535	0,56	
8,54	0,57	
8,545	0,59	
8,55	0,6	
8,555	0,59	
8,56	0,57	
8,565	0,53	
8,57	0,49	
8,575	0,44	
8,58	0,43	
8,585	0,44	
8,59	0,45	
8,595	0,46	
8,6	0,46	
8,605	0,43	
8,61	0,38	
8,615	0,34	
8,62	0,28	
8,625	0,27	
8,63	0,27	
8,635	0,28	
8,64	0,28	
8,645	0,28	
8,65	0,25	
8,655	0,21	
8,66	0,16	
8,665	0,11	
8,67	0,09	
8,675	0,09	
8,68	0,1	
8,685	0,1	
8,69	0,09	
8,695	0,06	
8,7	0,03	
8,705	-0,02	
8,71	-0,07	
8,715	-0,09	
8,72	-0,1	
8,725	-0,1	
8,73	-0,09	
8,735	-0,1	
8,74	-0,13	
8,745	-0,17	
8,75	-0,21	
8,755	-0,26	
8,76	-0,28	
8,765	-0,28	
8,77	-0,27	
8,775	-0,27	
8,78	-0,28	
8,785	-0,31	
8,79	-0,35	
8,795	-0,39	
8,8	-0,42	
8,805	-0,45	
8,81	-0,45	
8,815	-0,44	
8,82	-0,43	
8,825	-0,44	
8,83	-0,46	
8,835	-0,5	
8,84	-0,54	
8,845	-0,58	
8,85	-0,6	
8,855	-0,6	
8,86	-0,58	
8,865	-0,57	
8,87	-0,57	
8,875	-0,59	
8,88	-0,62	
8,885	-0,66	
8,89	-0,69	
8,895	-0,71	
8,9	-0,7	
8,905	-0,68	
8,91	-0,67	
8,915	-0,66	
8,92	-0,68	
8,925	-0,7	
8,93	-0,74	
8,935	-0,77	
8,94	-0,79	
8,945	-0,78	
8,95	-0,76	
8,955	-0,74	
8,96	-0,72	
8,965	-0,73	
8,97	-0,75	
8,975	-0,77	
8,98	-0,8	
8,985	-0,81	
8,99	-0,8	
8,995	-0,78	
9,0	-0,75	
9,005	-0,74	
9,01	-0,73	
9,015	-0,74	
9,02	-0,76	
9,025	-0,78	
9,03	-0,78	
9,035	-0,77	
9,04	-0,74	
9,045	-0,72	
9,05	-0,7	
9,055	-0,69	
9,06	-0,69	
9,065	-0,71	
9,07	-0,72	
9,075	-0,71	
9,08	-0,69	
9,085	-0,66	
9,09	-0,63	
9,095	-0,61	
9,1	-0,6	
9,105	-0,6	
9,11	-0,61	
9,115	-0,62	
9,12	-0,61	
9,125	-0,58	
9,13	-0,54	
9,135	-0,51	
9,14	-0,48	
9,145	-0,47	
9,15	-0,47	
9,155	-0,48	
9,16	-0,48	
9,165	-0,46	
9,17	-0,44	
9,175	-0,4	
9,18	-0,36	
9,185	-0,33	
9,19	-0,31	
9,195	-0,3	
9,2	-0,3	
9,205	-0,31	
9,21	-0,3	
9,215	-0,27	
9,22	-0,23	
9,225	-0,19	
9,23	-0,15	
9,235	-0,13	
9,24	-0,11	
9,245	-0,11	
9,25	-0,11	
9,255	-0,11	
9,26	-0,09	
9,265	-0,06	
9,27	-0,01	
9,275	0,04	
9,28	0,08	
9,285	0,1	
9,29	0,1	
9,295	0,09	
9,3	0,09	
9,305	0,1	
9,31	0,14	
9,315	0,18	
9,32	0,23	
9,325	0,26	
9,33	0,29	
9,335	0,29	
9,34	0,28	
9,345	0,28	
9,35	0,29	
9,355	0,32	
9,36	0,36	
9,365	0,4	
9,37	0,44	
9,375	0,46	
9,38	0,46	
9,385	0,45	
9,39	0,44	
9,395	0,45	
9,4	0,48	
9,405	0,51	
9,41	0,55	
9,415	0,59	
9,42	0,6	
9,425	0,6	
9,43	0,59	
9,435	0,58	
9,44	0,58	
9,445	0,6	
9,45	0,63	
9,455	0,67	
9,46	0,69	
9,465	0,71	
9,47	0,71	
9,475	0,7	
9,48	0,68	
9,485	0,68	
9,49	0,69	
9,495	0,72	
9,5	0,74	
9,505	0,77	
9,51	0,78	
9,515	0,78	
9,52	0,76	
9,525	0,74	
9,53	0,73	
9,535	0,73	
9,54	0,75	
9,545	0,78	
9,55	0,8	
9,555	0,8	
9,56	0,79	
9,565	0,78	
9,57	0,75	
9,575	0,73	
9,58	0,73	
9,585	0,74	
9,59	0,76	
9,595	0,77	
9,6	0,78	
9,605	0,76	
9,61	0,74	
9,615	0,71	
9,62	0,68	
9,625	0,68	
9,63	0,68	
9,635	0,69	
9,64	0,71	
9,645	0,71	
9,65	0,69	
9,655	0,66	
9,66	0,63	
9,665	0,59	
9,67	0,58	
9,675	0,59	
9,68	0,6	
9,685	0,61	
9,69	0,6	
9,695	0,58	
9,7	0,55	
9,705	0,51	
9,71	0,48	
9,715	0,45	
9,72	0,45	
9,725	0,46	
9,73	0,46	
9,735	0,46	
9,74	0,44	
9,745	0,4	
9,75	0,36	
9,755	0,32	
9,76	0,29	
9,765	0,28	
9,77	0,29	
9,775	0,29	
9,78	0,29	
9,785	0,26	
9,79	0,23	
9,795	0,19	
9,8	0,15	
9,805	0,1	
9,81	0,09	
9,815	0,1	
9,82	0,1	
9,825	0,1	
9,83	0,08	
9,835	0,05	
9,84	0,01	
9,845	-0,03	
9,85	-0,08	
9,855	-0,1	
9,86	-0,1	
9,865	-0,1	
9,87	-0,1	
9,875	-0,12	
9,88	-0,15	
9,885	-0,18	
9,89	-0,22	
9,895	-0,26	
9,9	-0,27	
9,905	-0,28	
9,91	-0,27	
9,915	-0,28	
9,92	-0,3	
9,925	-0,33	
9,93	-0,36	
9,935	-0,4	
9,94	-0,43	
9,945	-0,44	
9,95	-0,44	
9,955	-0,44	
9,96	-0,45	
9,965	-0,46	
9,97	-0,49	
9,975	-0,52	
9,98	-0,56	
9,985	-0,59	
9,99	-0,6	
9,995	-0,59	
10,0	-0,58	
10,005	-0,57	
10,01	-0,59	
10,015	-0,61	
10,02	-0,65	
10,025	-0,68	
10,03	-0,71	
10,035	-0,71	
10,04	-0,7	
10,045	-0,68	
10,05	-0,67	
10,055	-0,68	
10,06	-0,7	
10,065	-0,73	
10,07	-0,76	
10,075	-0,79	
10,08	-0,78	
10,085	-0,77	
10,09	-0,75	
10,095	-0,73	
10,1	-0,72	
10,105	-0,74	
10,11	-0,76	
10,115	-0,79	
10,12	-0,81	
10,125	-0,81	
10,13	-0,79	
10,135	-0,76	
10,14	-0,74	
10,145	-0,73	
10,15	-0,73	
10,155	-0,75	
10,16	-0,77	
10,165	-0,79	
10,17	-0,78	
10,175	-0,76	
10,18	-0,73	
10,185	-0,71	
10,19	-0,69	
10,195	-0,69	
10,2	-0,7	
10,205	-0,71	
10,21	-0,72	
10,215	-0,71	
10,22	-0,69	
10,225	-0,66	
10,23	-0,63	
10,235	-0,61	
10,24	-0,6	
10,245	-0,61	
10,25	-0,61	
10,255	-0,62	
10,26	-0,61	
10,265	-0,58	
10,27	-0,54	
10,275	-0,51	
10,28	-0,49	
10,285	-0,47	
10,29	-0,48	
10,295	-0,48	
10,3	-0,48	
10,305	-0,46	
10,31	-0,42	
10,315	-0,38	
10,32	-0,35	
10,325	-0,32	
10,33	-0,31	
10,335	-0,31	
10,34	-0,31	
10,345	-0,32	
10,35	-0,29	
10,355	-0,25	
10,36	-0,22	
10,365	-0,18	
10,37	-0,14	
10,375	-0,12	
10,38	-0,12	
10,385	-0,12	
10,39	-0,12	
10,395	-0,1	
10,4	-0,08	
10,405	-0,04	
10,41	0,01	
10,415	0,05	
10,42	0,07	
10,425	0,09	
10,43	0,09	
10,435	0,08	
10,44	0,08	
10,445	0,11	
10,45	0,15	
10,455	0,19	
10,46	0,24	
10,465	0,27	
10,47	0,28	
10,475	0,28	
10,48	0,27	
10,485	0,27	
10,49	0,29	
10,495	0,33	
10,5	0,37	
10,505	0,41	
10,51	0,44	
10,515	0,45	
10,52	0,45	
10,525	0,44	
10,53	0,44	
10,535	0,46	
10,54	0,49	
10,545	0,53	
10,55	0,56	
10,555	0,58	
10,56	0,59	
10,565	0,59	
10,57	0,58	
10,575	0,57	
10,58	0,59	
10,585	0,61	
10,59	0,64	
10,595	0,67	
10,6	0,69	
10,605	0,7	
10,61	0,69	
10,615	0,68	
10,62	0,67	
10,625	0,68	
10,63	0,7	
10,635	0,72	
10,64	0,75	
10,645	0,77	
10,65	0,77	
10,655	0,76	
10,66	0,75	
10,665	0,74	
10,67	0,73	
10,675	0,74	
10,68	0,76	
10,685	0,78	
10,69	0,79	
10,695	0,79	
10,7	0,78	
10,705	0,75	
10,71	0,74	
10,715	0,73	
10,72	0,74	
10,725	0,76	
10,73	0,77	
10,735	0,78	
10,74	0,77	
10,745	0,75	
10,75	0,73	
10,755	0,71	
10,76	0,69	
10,765	0,69	
10,77	0,7	
10,775	0,71	
10,78	0,71	
10,785	0,7	
10,79	0,68	
10,795	0,65	
10,8	0,62	
10,805	0,6	
10,81	0,59	
10,815	0,6	
10,82	0,61	
10,825	0,6	
10,83	0,59	
10,835	0,57	
10,84	0,53	
10,845	0,5	
10,85	0,47	
10,855	0,47	
10,86	0,47	
10,865	0,47	
10,87	0,47	
10,875	0,45	
10,88	0,42	
10,885	0,38	
10,89	0,35	
10,895	0,31	
10,9	0,3	
10,905	0,29	
10,91	0,3	
10,915	0,29	
10,92	0,28	
10,925	0,25	
10,93	0,22	
10,935	0,18	
10,94	0,13	
10,945	0,12	
10,95	0,11	
10,955	0,11	
10,96	0,11	
10,965	0,1	
10,97	0,07	
10,975	0,04	
10,98	0	
10,985	-0,05	
10,99	-0,06	
10,995	-0,07	
11,0	-0,08	
11,005	-0,08	
11,01	-0,1	
11,015	-0,12	
11,02	-0,15	
11,025	-0,19	
11,03	-0,22	
11,035	-0,25	
11,04	-0,26	
11,045	-0,26	
11,05	-0,27	
11,055	-0,28	
11,06	-0,31	
11,065	-0,34	
11,07	-0,37	
11,075	-0,39	
11,08	-0,42	
11,085	-0,42	
11,09	-0,42	
11,095	-0,43	
11,1	-0,44	
11,105	-0,46	
11,11	-0,49	
11,115	-0,52	
11,12	-0,55	
11,125	-0,57	
11,13	-0,57	
11,135	-0,57	
11,14	-0,56	
11,145	-0,57	
11,15	-0,59	
11,155	-0,62	
11,16	-0,64	
11,165	-0,66	
11,17	-0,68	
11,175	-0,68	
11,18	-0,67	
11,185	-0,66	
11,19	-0,67	
11,195	-0,69	
11,2	-0,71	
11,205	-0,73	
11,21	-0,75	
11,215	-0,76	
11,22	-0,75	
11,225	-0,73	
11,23	-0,73	
11,235	-0,72	
11,24	-0,73	
11,245	-0,74	
11,25	-0,77	
11,255	-0,78	
11,26	-0,78	
11,265	-0,77	
11,27	-0,75	
11,275	-0,74	
11,28	-0,73	
11,285	-0,73	
11,29	-0,74	
11,295	-0,75	
11,3	-0,76	
11,305	-0,76	
11,31	-0,75	
11,315	-0,73	
11,32	-0,71	
11,325	-0,7	
11,33	-0,69	
11,335	-0,69	
11,34	-0,7	
11,345	-0,7	
11,35	-0,7	
11,355	-0,69	
11,36	-0,67	
11,365	-0,65	
11,37	-0,62	
11,375	-0,61	
11,38	-0,6	
11,385	-0,6	
11,39	-0,6	
11,395	-0,59	
11,4	-0,57	
11,405	-0,55	
11,41	-0,52	
11,415	-0,5	
11,42	-0,48	
11,425	-0,48	
11,43	-0,47	
11,435	-0,47	
11,44	-0,45	
11,445	-0,43	
11,45	-0,4	
11,455	-0,37	
11,46	-0,35	
11,465	-0,33	
11,47	-0,32	
11,475	-0,31	
11,48	-0,31	
11,485	-0,29	
11,49	-0,26	
11,495	-0,24	
11,5	-0,21	
11,505	-0,18	
11,51	-0,16	
11,515	-0,14	
11,52	-0,13	
11,525	-0,12	
11,53	-0,11	
11,535	-0,08	
11,54	-0,06	
11,545	-0,03	
11,55	0,01	
11,555	0,03	
11,56	0,05	
11,565	0,07	
11,57	0,07	
11,575	0,08	
11,58	0,1	
11,585	0,13	
11,59	0,16	
11,595	0,19	
11,6	0,22	
11,605	0,25	
11,61	0,26	
11,615	0,26	
11,62	0,27	
11,625	0,29	
11,63	0,3	
11,635	0,33	
11,64	0,36	
11,645	0,39	
11,65	0,41	
11,655	0,43	
11,66	0,44	
11,665	0,44	
11,67	0,44	
11,675	0,46	
11,68	0,48	
11,685	0,51	
11,69	0,54	
11,695	0,56	
11,7	0,57	
11,705	0,58	
11,71	0,57	
11,715	0,58	
11,72	0,58	
11,725	0,6	
11,73	0,62	
11,735	0,65	
11,74	0,67	
11,745	0,67	
11,75	0,68	
11,755	0,67	
11,76	0,66	
11,765	0,66	
11,77	0,68	
11,775	0,7	
11,78	0,72	
11,785	0,73	
11,79	0,74	
11,795	0,74	
11,8	0,73	
11,805	0,72	
11,81	0,72	
11,815	0,72	
11,82	0,73	
11,825	0,75	
11,83	0,76	
11,835	0,76	
11,84	0,76	
11,845	0,75	
11,85	0,73	
11,855	0,72	
11,86	0,72	
11,865	0,73	
11,87	0,73	
11,875	0,74	
11,88	0,74	
11,885	0,73	
11,89	0,72	
11,895	0,69	
11,9	0,68	
11,905	0,67	
11,91	0,67	
11,915	0,68	
11,92	0,68	
11,925	0,67	
11,93	0,65	
11,935	0,63	
11,94	0,61	
11,945	0,58	
11,95	0,57	
11,955	0,57	
11,96	0,58	
11,965	0,57	
11,97	0,56	
11,975	0,55	
11,98	0,52	
11,985	0,49	
11,99	0,46	
11,995	0,45	
12,0	0,45	
12,005	0,45	
12,01	0,44	
12,015	0,43	
12,02	0,4	
12,025	0,37	
12,03	0,34	
12,035	0,3	
12,04	0,29	
12,045	0,28	
12,05	0,29	
12,055	0,28	
12,06	0,27	
12,065	0,24	
12,07	0,21	
12,075	0,17	
12,08	0,12	
12,085	0,11	
12,09	0,11	
12,095	0,11	
12,1	0,1	
