t, ñ	wz	
0,0	0	
0,005	0	
0,01	0	
0,015	0	
0,02	0	
0,025	0	
0,03	0	
0,035	0	
0,04	0	
0,045	0	
0,05	0	
0,055	0	
0,06	0	
0,065	0	
0,07	0	
0,075	0	
0,08	0	
0,085	0	
0,09	0	
0,095	0	
0,1	0	
0,105	0	
0,11	0	
0,115	0	
0,12	0	
0,125	0	
0,13	0	
0,135	0	
0,14	0	
0,145	0	
0,15	0	
0,155	0	
0,16	0	
0,165	0	
0,17	0	
0,175	0	
0,18	0	
0,185	0	
0,19	0	
0,195	0	
0,2	0	
0,205	0	
0,21	0	
0,215	0	
0,22	0	
0,225	0	
0,23	0	
0,235	0	
0,24	0	
0,245	0	
0,25	0	
0,255	0	
0,26	0	
0,265	0	
0,27	0	
0,275	0	
0,28	0	
0,285	0,01	
0,29	0,01	
0,295	0,01	
0,3	0,01	
0,305	0	
0,31	0	
0,315	0	
0,32	0	
0,325	0	
0,33	0	
0,335	0	
0,34	0	
0,345	-0,01	
0,35	-0,01	
0,355	0	
0,36	0	
0,365	0	
0,37	0	
0,375	0	
0,38	0	
0,385	0	
0,39	0	
0,395	0	
0,4	0	
0,405	0	
0,41	0	
0,415	0	
0,42	0	
0,425	0	
0,43	0	
0,435	0	
0,44	0	
0,445	0	
0,45	0	
0,455	0	
0,46	0	
0,465	0	
0,47	0	
0,475	0	
0,48	0	
0,485	0	
0,49	0	
0,495	0,01	
0,5	0	
0,505	0	
0,51	0	
0,515	0	
0,52	0,01	
0,525	0	
0,53	0	
0,535	0	
0,54	0	
0,545	-0,01	
0,55	-0,01	
0,555	-0,01	
0,56	0	
0,565	0	
0,57	0	
0,575	0	
0,58	0,01	
0,585	0,01	
0,59	0,01	
0,595	0	
0,6	0	
0,605	0	
0,61	0	
0,615	0	
0,62	0,01	
0,625	0	
0,63	0	
0,635	0	
0,64	0	
0,645	0	
0,65	0	
0,655	0	
0,66	0	
0,665	0	
0,67	0	
0,675	-0,01	
0,68	0	
0,685	0	
0,69	0	
0,695	0	
0,7	0	
0,705	0	
0,71	0	
0,715	0	
0,72	0	
0,725	0	
0,73	0	
0,735	0	
0,74	0	
0,745	0	
0,75	0	
0,755	0	
0,76	-0,01	
0,765	-0,01	
0,77	-0,01	
0,775	-0,01	
0,78	0	
0,785	0	
0,79	0	
0,795	0	
0,8	0	
0,805	0	
0,81	0	
0,815	0	
0,82	0	
0,825	0	
0,83	0	
0,835	0	
0,84	0	
0,845	0	
0,85	0	
0,855	-0,01	
0,86	0	
0,865	0	
0,87	0	
0,875	-0,01	
0,88	0	
0,885	0	
0,89	0	
0,895	0	
0,9	0	
0,905	0	
0,91	0	
0,915	0	
0,92	0,01	
0,925	0,01	
0,93	0	
0,935	0	
0,94	0	
0,945	0	
0,95	0	
0,955	0	
0,96	0	
0,965	0	
0,97	0	
0,975	-0,01	
0,98	0	
0,985	0	
0,99	0	
0,995	0	
1,0	0	
1,005	0	
1,01	0	
1,015	0	
1,02	0	
1,025	0	
1,03	0	
1,035	0	
1,04	0	
1,045	0	
1,05	0	
1,055	0	
1,06	0	
1,065	-0,01	
1,07	-0,01	
1,075	-0,03	
1,08	-0,04	
1,085	-0,07	
1,09	-0,09	
1,095	-0,1	
1,1	-0,01	
1,105	0,09	
1,11	0,17	
1,115	0,26	
1,12	0,31	
1,125	0,28	
1,13	0,22	
1,135	0,17	
1,14	0,16	
1,145	0,19	
1,15	0,28	
1,155	0,39	
1,16	0,47	
1,165	0,48	
1,17	0,47	
1,175	0,43	
1,18	0,39	
1,185	0,35	
1,19	0,4	
1,195	0,5	
1,2	0,58	
1,205	0,63	
1,21	0,66	
1,215	0,65	
1,22	0,59	
1,225	0,53	
1,23	0,53	
1,235	0,6	
1,24	0,67	
1,245	0,74	
1,25	0,8	
1,255	0,81	
1,26	0,76	
1,265	0,71	
1,27	0,68	
1,275	0,68	
1,28	0,73	
1,285	0,82	
1,29	0,89	
1,295	0,92	
1,3	0,9	
1,305	0,87	
1,31	0,83	
1,315	0,77	
1,32	0,76	
1,325	0,84	
1,33	0,91	
1,335	0,97	
1,34	1	
1,345	1	
1,35	0,95	
1,355	0,88	
1,36	0,83	
1,365	0,83	
1,37	0,89	
1,375	0,95	
1,38	1,02	
1,385	1,05	
1,39	1,03	
1,395	0,97	
1,4	0,91	
1,405	0,86	
1,41	0,84	
1,415	0,88	
1,42	0,95	
1,425	1,01	
1,43	1,02	
1,435	1	
1,44	0,95	
1,445	0,89	
1,45	0,82	
1,455	0,8	
1,46	0,83	
1,465	0,9	
1,47	0,94	
1,475	0,96	
1,48	0,94	
1,485	0,87	
1,49	0,8	
1,495	0,76	
1,5	0,74	
1,505	0,76	
1,51	0,81	
1,515	0,85	
1,52	0,85	
1,525	0,81	
1,53	0,76	
1,535	0,7	
1,54	0,65	
1,545	0,63	
1,55	0,65	
1,555	0,7	
1,56	0,72	
1,565	0,7	
1,57	0,67	
1,575	0,61	
1,58	0,54	
1,585	0,5	
1,59	0,49	
1,595	0,51	
1,6	0,54	
1,605	0,55	
1,61	0,54	
1,615	0,48	
1,62	0,41	
1,625	0,35	
1,63	0,32	
1,635	0,31	
1,64	0,32	
1,645	0,36	
1,65	0,37	
1,655	0,34	
1,66	0,28	
1,665	0,23	
1,67	0,16	
1,675	0,12	
1,68	0,11	
1,685	0,13	
1,69	0,16	
1,695	0,15	
1,7	0,13	
1,705	0,08	
1,71	0,02	
1,715	-0,05	
1,72	-0,08	
1,725	-0,08	
1,73	-0,07	
1,735	-0,06	
1,74	-0,06	
1,745	-0,09	
1,75	-0,15	
1,755	-0,21	
1,76	-0,25	
1,765	-0,27	
1,77	-0,29	
1,775	-0,28	
1,78	-0,26	
1,785	-0,27	
1,79	-0,31	
1,795	-0,36	
1,8	-0,4	
1,805	-0,45	
1,81	-0,48	
1,815	-0,48	
1,82	-0,47	
1,825	-0,47	
1,83	-0,48	
1,835	-0,51	
1,84	-0,55	
1,845	-0,61	
1,85	-0,64	
1,855	-0,65	
1,86	-0,65	
1,865	-0,65	
1,87	-0,64	
1,875	-0,65	
1,88	-0,7	
1,885	-0,74	
1,89	-0,78	
1,895	-0,8	
1,9	-0,81	
1,905	-0,81	
1,91	-0,8	
1,915	-0,78	
1,92	-0,82	
1,925	-0,85	
1,93	-0,88	
1,935	-0,91	
1,94	-0,93	
1,945	-0,93	
1,95	-0,92	
1,955	-0,91	
1,96	-0,91	
1,965	-0,93	
1,97	-0,95	
1,975	-0,98	
1,98	-1,01	
1,985	-1,01	
1,99	-1,01	
1,995	-0,99	
2,0	-0,99	
2,005	-0,99	
2,01	-1,01	
2,015	-1,04	
2,02	-1,06	
2,025	-1,07	
2,03	-1,06	
2,035	-1,05	
2,04	-1,03	
2,045	-1,02	
2,05	-1,02	
2,055	-1,04	
2,06	-1,07	
2,065	-1,07	
2,07	-1,08	
2,075	-1,07	
2,08	-1,04	
2,085	-1,02	
2,09	-1	
2,095	-1,01	
2,1	-1,03	
2,105	-1,05	
2,11	-1,06	
2,115	-1,06	
2,12	-1,03	
2,125	-1	
2,13	-0,98	
2,135	-0,96	
2,14	-0,95	
2,145	-0,97	
2,15	-0,99	
2,155	-0,99	
2,16	-0,97	
2,165	-0,95	
2,17	-0,91	
2,175	-0,88	
2,18	-0,85	
2,185	-0,85	
2,19	-0,87	
2,195	-0,87	
2,2	-0,87	
2,205	-0,86	
2,21	-0,82	
2,215	-0,78	
2,22	-0,75	
2,225	-0,74	
2,23	-0,73	
2,235	-0,74	
2,24	-0,74	
2,245	-0,73	
2,25	-0,7	
2,255	-0,66	
2,26	-0,62	
2,265	-0,59	
2,27	-0,57	
2,275	-0,57	
2,28	-0,59	
2,285	-0,58	
2,29	-0,55	
2,295	-0,51	
2,3	-0,47	
2,305	-0,42	
2,31	-0,39	
2,315	-0,39	
2,32	-0,4	
2,325	-0,41	
2,33	-0,4	
2,335	-0,37	
2,34	-0,32	
2,345	-0,26	
2,35	-0,21	
2,355	-0,18	
2,36	-0,18	
2,365	-0,18	
2,37	-0,2	
2,375	-0,21	
2,38	-0,17	
2,385	-0,11	
2,39	-0,05	
2,395	0	
2,4	0,03	
2,405	0,04	
2,41	0,03	
2,415	0	
2,42	0	
2,425	0,03	
2,43	0,08	
2,435	0,15	
2,44	0,2	
2,445	0,24	
2,45	0,24	
2,455	0,23	
2,46	0,21	
2,465	0,21	
2,47	0,24	
2,475	0,29	
2,48	0,35	
2,485	0,4	
2,49	0,42	
2,495	0,43	
2,5	0,42	
2,505	0,4	
2,51	0,4	
2,515	0,43	
2,52	0,48	
2,525	0,53	
2,53	0,57	
2,535	0,6	
2,54	0,59	
2,545	0,57	
2,55	0,55	
2,555	0,56	
2,56	0,59	
2,565	0,64	
2,57	0,7	
2,575	0,74	
2,58	0,74	
2,585	0,73	
2,59	0,7	
2,595	0,68	
2,6	0,69	
2,605	0,73	
2,61	0,79	
2,615	0,84	
2,62	0,87	
2,625	0,87	
2,63	0,85	
2,635	0,81	
2,64	0,78	
2,645	0,79	
2,65	0,82	
2,655	0,88	
2,66	0,93	
2,665	0,96	
2,67	0,95	
2,675	0,92	
2,68	0,87	
2,685	0,84	
2,69	0,83	
2,695	0,86	
2,7	0,92	
2,705	0,97	
2,71	0,99	
2,715	0,98	
2,72	0,95	
2,725	0,9	
2,73	0,86	
2,735	0,85	
2,74	0,88	
2,745	0,92	
2,75	0,97	
2,755	0,99	
2,76	0,97	
2,765	0,94	
2,77	0,89	
2,775	0,84	
2,78	0,83	
2,785	0,85	
2,79	0,89	
2,795	0,92	
2,8	0,94	
2,805	0,92	
2,81	0,88	
2,815	0,83	
2,82	0,79	
2,825	0,77	
2,83	0,78	
2,835	0,82	
2,84	0,84	
2,845	0,84	
2,85	0,82	
2,855	0,78	
2,86	0,72	
2,865	0,68	
2,87	0,66	
2,875	0,68	
2,88	0,71	
2,885	0,72	
2,89	0,71	
2,895	0,68	
2,9	0,63	
2,905	0,58	
2,91	0,53	
2,915	0,52	
2,92	0,54	
2,925	0,56	
2,93	0,58	
2,935	0,57	
2,94	0,53	
2,945	0,47	
2,95	0,42	
2,955	0,37	
2,96	0,35	
2,965	0,38	
2,97	0,4	
2,975	0,41	
2,98	0,39	
2,985	0,35	
2,99	0,29	
2,995	0,23	
3,0	0,18	
3,005	0,17	
3,01	0,19	
3,015	0,21	
3,02	0,22	
3,025	0,2	
3,03	0,16	
3,035	0,09	
3,04	0,03	
3,045	-0,01	
3,05	-0,03	
3,055	-0,02	
3,06	0,01	
3,065	0,02	
3,07	-0,01	
3,075	-0,05	
3,08	-0,11	
3,085	-0,16	
3,09	-0,21	
3,095	-0,22	
3,1	-0,21	
3,105	-0,19	
3,11	-0,19	
3,115	-0,21	
3,12	-0,25	
3,125	-0,3	
3,13	-0,36	
3,135	-0,4	
3,14	-0,41	
3,145	-0,39	
3,15	-0,38	
3,155	-0,38	
3,16	-0,4	
3,165	-0,45	
3,17	-0,5	
3,175	-0,54	
3,18	-0,57	
3,185	-0,58	
3,19	-0,56	
3,195	-0,55	
3,2	-0,55	
3,205	-0,57	
3,21	-0,62	
3,215	-0,66	
3,22	-0,71	
3,225	-0,73	
3,23	-0,74	
3,235	-0,71	
3,24	-0,7	
3,245	-0,7	
3,25	-0,72	
3,255	-0,75	
3,26	-0,8	
3,265	-0,83	
3,27	-0,85	
3,275	-0,85	
3,28	-0,84	
3,285	-0,82	
3,29	-0,82	
3,295	-0,83	
3,3	-0,87	
3,305	-0,91	
3,31	-0,93	
3,315	-0,95	
3,32	-0,94	
3,325	-0,93	
3,33	-0,9	
3,335	-0,9	
3,34	-0,92	
3,345	-0,94	
3,35	-0,97	
3,355	-0,99	
3,36	-1	
3,365	-0,99	
3,37	-0,97	
3,375	-0,94	
3,38	-0,94	
3,385	-0,95	
3,39	-0,97	
3,395	-1	
3,4	-1,01	
3,405	-1,01	
3,41	-0,99	
3,415	-0,97	
3,42	-0,94	
3,425	-0,94	
3,43	-0,95	
3,435	-0,96	
3,44	-0,98	
3,445	-0,98	
3,45	-0,98	
3,455	-0,96	
3,46	-0,93	
3,465	-0,9	
3,47	-0,9	
3,475	-0,9	
3,48	-0,91	
3,485	-0,92	
3,49	-0,92	
3,495	-0,91	
3,5	-0,89	
3,505	-0,86	
3,51	-0,82	
3,515	-0,81	
3,52	-0,81	
3,525	-0,82	
3,53	-0,82	
3,535	-0,82	
3,54	-0,8	
3,545	-0,78	
3,55	-0,75	
3,555	-0,71	
3,56	-0,7	
3,565	-0,7	
3,57	-0,7	
3,575	-0,69	
3,58	-0,68	
3,585	-0,65	
3,59	-0,63	
3,595	-0,6	
3,6	-0,57	
3,605	-0,56	
3,61	-0,55	
3,615	-0,54	
3,62	-0,53	
3,625	-0,51	
3,63	-0,49	
3,635	-0,46	
3,64	-0,43	
3,645	-0,41	
3,65	-0,39	
3,655	-0,39	
3,66	-0,38	
3,665	-0,36	
3,67	-0,33	
3,675	-0,3	
3,68	-0,26	
3,685	-0,23	
3,69	-0,21	
3,695	-0,2	
3,7	-0,19	
3,705	-0,18	
3,71	-0,16	
3,715	-0,13	
3,72	-0,1	
3,725	-0,07	
3,73	-0,04	
3,735	-0,03	
3,74	-0,01	
3,745	0	
3,75	0,01	
3,755	0,03	
3,76	0,06	
3,765	0,1	
3,77	0,13	
3,775	0,16	
3,78	0,17	
3,785	0,19	
3,79	0,19	
3,795	0,21	
3,8	0,23	
3,805	0,26	
3,81	0,29	
3,815	0,32	
3,82	0,34	
3,825	0,36	
3,83	0,37	
3,835	0,38	
3,84	0,39	
3,845	0,42	
3,85	0,44	
3,855	0,47	
3,86	0,49	
3,865	0,51	
3,87	0,52	
3,875	0,53	
3,88	0,54	
3,885	0,56	
3,89	0,59	
3,895	0,61	
3,9	0,64	
3,905	0,65	
3,91	0,66	
3,915	0,67	
3,92	0,67	
3,925	0,68	
3,93	0,7	
3,935	0,72	
3,94	0,74	
3,945	0,77	
3,95	0,78	
3,955	0,78	
3,96	0,77	
3,965	0,77	
3,97	0,78	
3,975	0,79	
3,98	0,82	
3,985	0,84	
3,99	0,86	
3,995	0,87	
4,0	0,87	
4,005	0,86	
4,01	0,85	
4,015	0,84	
4,02	0,86	
4,025	0,88	
4,03	0,9	
4,035	0,92	
4,04	0,92	
4,045	0,92	
4,05	0,9	
4,055	0,88	
4,06	0,88	
4,065	0,88	
4,07	0,9	
4,075	0,92	
4,08	0,94	
4,085	0,94	
4,09	0,93	
4,095	0,91	
4,1	0,87	
4,105	0,87	
4,11	0,87	
4,115	0,88	
4,12	0,9	
4,125	0,9	
4,13	0,9	
4,135	0,88	
4,14	0,86	
4,145	0,84	
4,15	0,82	
4,155	0,82	
4,16	0,83	
4,165	0,84	
4,17	0,84	
4,175	0,83	
4,18	0,8	
4,185	0,77	
4,19	0,75	
4,195	0,74	
4,2	0,74	
4,205	0,74	
4,21	0,75	
4,215	0,74	
4,22	0,72	
4,225	0,69	
4,23	0,66	
4,235	0,63	
4,24	0,61	
4,245	0,61	
4,25	0,62	
4,255	0,62	
4,26	0,61	
4,265	0,58	
4,27	0,55	
4,275	0,51	
4,28	0,47	
4,285	0,45	
4,29	0,45	
4,295	0,46	
4,3	0,46	
4,305	0,45	
4,31	0,42	
4,315	0,38	
4,32	0,33	
4,325	0,3	
4,33	0,27	
4,335	0,27	
4,34	0,28	
4,345	0,28	
4,35	0,27	
4,355	0,24	
4,36	0,2	
4,365	0,15	
4,37	0,12	
4,375	0,08	
4,38	0,09	
4,385	0,09	
4,39	0,09	
4,395	0,07	
4,4	0,05	
4,405	0	
4,41	-0,04	
4,415	-0,08	
4,42	-0,11	
4,425	-0,11	
4,43	-0,11	
4,435	-0,11	
4,44	-0,13	
4,445	-0,16	
4,45	-0,2	
4,455	-0,24	
4,46	-0,27	
4,465	-0,3	
4,47	-0,3	
4,475	-0,3	
4,48	-0,31	
4,485	-0,32	
4,49	-0,36	
4,495	-0,39	
4,5	-0,43	
4,505	-0,45	
4,51	-0,47	
4,515	-0,46	
4,52	-0,46	
4,525	-0,47	
4,53	-0,49	
4,535	-0,52	
4,54	-0,56	
4,545	-0,6	
4,55	-0,62	
4,555	-0,63	
4,56	-0,63	
4,565	-0,62	
4,57	-0,62	
4,575	-0,64	
4,58	-0,68	
4,585	-0,72	
4,59	-0,75	
4,595	-0,77	
4,6	-0,78	
4,605	-0,76	
4,61	-0,75	
4,615	-0,75	
4,62	-0,77	
4,625	-0,8	
4,63	-0,83	
4,635	-0,86	
4,64	-0,88	
4,645	-0,88	
4,65	-0,86	
4,655	-0,85	
4,66	-0,85	
4,665	-0,86	
4,67	-0,89	
4,675	-0,92	
4,68	-0,95	
4,685	-0,96	
4,69	-0,95	
4,695	-0,93	
4,7	-0,91	
4,705	-0,9	
4,71	-0,91	
4,715	-0,93	
4,72	-0,96	
4,725	-0,98	
4,73	-0,99	
4,735	-0,98	
4,74	-0,95	
4,745	-0,93	
4,75	-0,92	
4,755	-0,93	
4,76	-0,94	
4,765	-0,96	
4,77	-0,98	
4,775	-0,98	
4,78	-0,96	
4,785	-0,93	
4,79	-0,91	
4,795	-0,9	
4,8	-0,9	
4,805	-0,91	
4,81	-0,93	
4,815	-0,94	
4,82	-0,93	
4,825	-0,91	
4,83	-0,87	
4,835	-0,85	
4,84	-0,84	
4,845	-0,84	
4,85	-0,84	
4,855	-0,85	
4,86	-0,85	
4,865	-0,84	
4,87	-0,82	
4,875	-0,78	
4,88	-0,75	
4,885	-0,74	
4,89	-0,73	
4,895	-0,74	
4,9	-0,74	
4,905	-0,73	
4,91	-0,71	
4,915	-0,68	
4,92	-0,64	
4,925	-0,62	
4,93	-0,6	
4,935	-0,6	
4,94	-0,6	
4,945	-0,59	
4,95	-0,58	
4,955	-0,55	
4,96	-0,52	
4,965	-0,47	
4,97	-0,45	
4,975	-0,44	
4,98	-0,44	
4,985	-0,43	
4,99	-0,43	
4,995	-0,41	
5,0	-0,38	
5,005	-0,35	
5,01	-0,3	
5,015	-0,27	
5,02	-0,26	
5,025	-0,25	
5,03	-0,25	
5,035	-0,24	
5,04	-0,22	
5,045	-0,19	
5,05	-0,16	
5,055	-0,12	
5,06	-0,08	
5,065	-0,06	
5,07	-0,05	
5,075	-0,04	
5,08	-0,04	
5,085	-0,02	
5,09	0,01	
5,095	0,04	
5,1	0,08	
5,105	0,11	
5,11	0,13	
5,115	0,14	
5,12	0,14	
5,125	0,16	
5,13	0,18	
5,135	0,21	
5,14	0,24	
5,145	0,27	
5,15	0,31	
5,155	0,32	
5,16	0,33	
5,165	0,34	
5,17	0,35	
5,175	0,37	
5,18	0,4	
5,185	0,43	
5,19	0,45	
5,195	0,49	
5,2	0,49	
5,205	0,5	
5,21	0,51	
5,215	0,53	
5,22	0,55	
5,225	0,57	
5,23	0,6	
5,235	0,62	
5,24	0,64	
5,245	0,65	
5,25	0,66	
5,255	0,66	
5,26	0,68	
5,265	0,7	
5,27	0,72	
5,275	0,74	
5,28	0,76	
5,285	0,77	
5,29	0,77	
5,295	0,77	
5,3	0,78	
5,305	0,79	
5,31	0,81	
5,315	0,83	
5,32	0,85	
5,325	0,86	
5,33	0,86	
5,335	0,86	
5,34	0,86	
5,345	0,87	
5,35	0,88	
5,355	0,89	
5,36	0,9	
5,365	0,92	
5,37	0,93	
5,375	0,93	
5,38	0,92	
5,385	0,91	
5,39	0,91	
5,395	0,91	
5,4	0,92	
5,405	0,94	
5,41	0,95	
5,415	0,95	
5,42	0,95	
5,425	0,93	
5,43	0,92	
5,435	0,92	
5,44	0,91	
5,445	0,92	
5,45	0,93	
5,455	0,93	
5,46	0,93	
5,465	0,92	
5,47	0,9	
5,475	0,89	
5,48	0,88	
5,485	0,88	
5,49	0,88	
5,495	0,88	
5,5	0,87	
5,505	0,87	
5,51	0,85	
5,515	0,83	
5,52	0,81	
5,525	0,8	
5,53	0,8	
5,535	0,79	
5,54	0,79	
5,545	0,78	
5,55	0,76	
5,555	0,75	
5,56	0,72	
5,565	0,7	
5,57	0,69	
5,575	0,68	
5,58	0,67	
5,585	0,67	
5,59	0,65	
5,595	0,63	
5,6	0,6	
5,605	0,57	
5,61	0,55	
5,615	0,54	
5,62	0,53	
5,625	0,53	
5,63	0,52	
5,635	0,5	
5,64	0,47	
5,645	0,44	
5,65	0,4	
5,655	0,38	
5,66	0,36	
5,665	0,36	
5,67	0,35	
5,675	0,34	
5,68	0,32	
5,685	0,29	
5,69	0,26	
5,695	0,21	
5,7	0,19	
5,705	0,18	
5,71	0,17	
5,715	0,16	
5,72	0,14	
5,725	0,12	
5,73	0,09	
5,735	0,06	
5,74	0,01	
5,745	-0,01	
5,75	-0,03	
5,755	-0,04	
5,76	-0,05	
5,765	-0,06	
5,77	-0,09	
5,775	-0,11	
5,78	-0,15	
5,785	-0,19	
5,79	-0,21	
5,795	-0,22	
5,8	-0,23	
5,805	-0,25	
5,81	-0,26	
5,815	-0,29	
5,82	-0,32	
5,825	-0,34	
5,83	-0,38	
5,835	-0,4	
5,84	-0,41	
5,845	-0,42	
5,85	-0,43	
5,855	-0,45	
5,86	-0,48	
5,865	-0,51	
5,87	-0,53	
5,875	-0,56	
5,88	-0,57	
5,885	-0,58	
5,89	-0,59	
5,895	-0,6	
5,9	-0,62	
5,905	-0,65	
5,91	-0,67	
5,915	-0,7	
5,92	-0,73	
5,925	-0,73	
5,93	-0,74	
5,935	-0,74	
5,94	-0,74	
5,945	-0,76	
5,95	-0,78	
5,955	-0,81	
5,96	-0,84	
5,965	-0,85	
5,97	-0,86	
5,975	-0,85	
5,98	-0,85	
5,985	-0,85	
5,99	-0,86	
5,995	-0,88	
6,0	-0,91	
6,005	-0,93	
6,01	-0,94	
6,015	-0,94	
6,02	-0,93	
6,025	-0,93	
6,03	-0,92	
6,035	-0,93	
6,04	-0,95	
6,045	-0,96	
6,05	-0,98	
6,055	-0,98	
6,06	-0,98	
6,065	-0,97	
6,07	-0,96	
6,075	-0,96	
6,08	-0,97	
6,085	-0,97	
6,09	-0,99	
6,095	-0,99	
6,1	-0,99	
6,105	-0,98	
6,11	-0,97	
6,115	-0,96	
6,12	-0,95	
6,125	-0,95	
6,13	-0,96	
6,135	-0,96	
6,14	-0,96	
6,145	-0,96	
6,15	-0,94	
6,155	-0,92	
6,16	-0,9	
6,165	-0,9	
6,17	-0,9	
6,175	-0,9	
6,18	-0,9	
6,185	-0,9	
6,19	-0,88	
6,195	-0,85	
6,2	-0,82	
6,205	-0,81	
6,21	-0,8	
6,215	-0,8	
6,22	-0,8	
6,225	-0,8	
6,23	-0,79	
6,235	-0,77	
6,24	-0,73	
6,245	-0,7	
6,25	-0,68	
6,255	-0,67	
6,26	-0,67	
6,265	-0,67	
6,27	-0,66	
6,275	-0,65	
6,28	-0,63	
6,285	-0,58	
6,29	-0,55	
6,295	-0,52	
6,3	-0,5	
6,305	-0,5	
6,31	-0,49	
6,315	-0,49	
6,32	-0,47	
6,325	-0,45	
6,33	-0,4	
6,335	-0,36	
6,34	-0,34	
6,345	-0,32	
6,35	-0,31	
6,355	-0,3	
6,36	-0,29	
6,365	-0,28	
6,37	-0,25	
6,375	-0,2	
6,38	-0,17	
6,385	-0,14	
6,39	-0,12	
6,395	-0,11	
6,4	-0,1	
6,405	-0,08	
6,41	-0,06	
6,415	-0,04	
6,42	0	
6,425	0,05	
6,43	0,07	
6,435	0,09	
6,44	0,1	
6,445	0,11	
6,45	0,13	
6,455	0,15	
6,46	0,17	
6,465	0,2	
6,47	0,25	
6,475	0,27	
6,48	0,28	
6,485	0,3	
6,49	0,31	
6,495	0,33	
6,5	0,35	
6,505	0,38	
6,51	0,41	
6,515	0,45	
6,52	0,47	
6,525	0,48	
6,53	0,49	
6,535	0,5	
6,54	0,51	
6,545	0,53	
6,55	0,56	
6,555	0,59	
6,56	0,62	
6,565	0,64	
6,57	0,65	
6,575	0,65	
6,58	0,66	
6,585	0,67	
6,59	0,69	
6,595	0,72	
6,6	0,74	
6,605	0,77	
6,61	0,79	
6,615	0,79	
6,62	0,79	
6,625	0,8	
6,63	0,81	
6,635	0,82	
6,64	0,84	
6,645	0,87	
6,65	0,89	
6,655	0,9	
6,66	0,9	
6,665	0,9	
6,67	0,9	
6,675	0,9	
6,68	0,92	
6,685	0,93	
6,69	0,95	
6,695	0,96	
6,7	0,97	
6,705	0,96	
6,71	0,96	
6,715	0,96	
6,72	0,96	
6,725	0,96	
6,73	0,97	
6,735	0,98	
6,74	1	
6,745	0,99	
6,75	0,98	
6,755	0,98	
6,76	0,97	
6,765	0,96	
6,77	0,96	
6,775	0,97	
6,78	0,98	
6,785	0,98	
6,79	0,97	
6,795	0,96	
6,8	0,95	
6,805	0,93	
6,81	0,93	
6,815	0,93	
6,82	0,93	
6,825	0,93	
6,83	0,92	
6,835	0,91	
6,84	0,89	
6,845	0,88	
6,85	0,87	
6,855	0,86	
6,86	0,85	
6,865	0,85	
6,87	0,84	
6,875	0,83	
6,88	0,81	
6,885	0,79	
6,89	0,77	
6,895	0,75	
6,9	0,74	
6,905	0,73	
6,91	0,73	
6,915	0,71	
6,92	0,7	
6,925	0,67	
6,93	0,64	
6,935	0,61	
6,94	0,6	
6,945	0,59	
6,95	0,58	
6,955	0,56	
6,96	0,55	
6,965	0,53	
6,97	0,49	
6,975	0,46	
6,98	0,44	
6,985	0,42	
6,99	0,4	
6,995	0,39	
7,0	0,38	
7,005	0,37	
7,01	0,34	
7,015	0,3	
7,02	0,28	
7,025	0,25	
7,03	0,23	
7,035	0,21	
7,04	0,19	
7,045	0,18	
7,05	0,16	
7,055	0,13	
7,06	0,09	
7,065	0,06	
7,07	0,04	
7,075	0,02	
7,08	0	
7,085	-0,02	
7,09	-0,04	
7,095	-0,06	
7,1	-0,08	
7,105	-0,12	
7,11	-0,15	
7,115	-0,17	
7,12	-0,19	
7,125	-0,21	
7,13	-0,23	
7,135	-0,25	
7,14	-0,27	
7,145	-0,29	
7,15	-0,33	
7,155	-0,35	
7,16	-0,37	
7,165	-0,39	
7,17	-0,41	
7,175	-0,42	
7,18	-0,45	
7,185	-0,47	
7,19	-0,49	
7,195	-0,53	
7,2	-0,55	
7,205	-0,56	
7,21	-0,57	
7,215	-0,59	
7,22	-0,6	
7,225	-0,62	
7,23	-0,64	
7,235	-0,66	
7,24	-0,7	
7,245	-0,71	
7,25	-0,73	
7,255	-0,74	
7,26	-0,75	
7,265	-0,76	
7,27	-0,77	
7,275	-0,79	
7,28	-0,81	
7,285	-0,83	
7,29	-0,85	
7,295	-0,86	
7,3	-0,87	
7,305	-0,87	
7,31	-0,88	
7,315	-0,89	
7,32	-0,91	
7,325	-0,92	
7,33	-0,94	
7,335	-0,95	
7,34	-0,96	
7,345	-0,96	
7,35	-0,96	
7,355	-0,96	
7,36	-0,97	
7,365	-0,98	
7,37	-0,99	
7,375	-1	
7,38	-1,01	
7,385	-1,01	
7,39	-1,01	
7,395	-1	
7,4	-1	
7,405	-1	
7,41	-1,01	
7,415	-1,01	
7,42	-1,01	
7,425	-1,01	
7,43	-1,01	
7,435	-1	
7,44	-1	
7,445	-1	
7,45	-0,99	
7,455	-0,99	
7,46	-1	
7,465	-0,99	
7,47	-0,98	
7,475	-0,97	
7,48	-0,96	
7,485	-0,95	
7,49	-0,94	
7,495	-0,94	
7,5	-0,94	
7,505	-0,93	
7,51	-0,92	
7,515	-0,9	
7,52	-0,88	
7,525	-0,87	
7,53	-0,85	
7,535	-0,84	
7,54	-0,84	
7,545	-0,83	
7,55	-0,82	
7,555	-0,81	
7,56	-0,78	
7,565	-0,76	
7,57	-0,74	
7,575	-0,72	
7,58	-0,71	
7,585	-0,7	
7,59	-0,69	
7,595	-0,68	
7,6	-0,67	
7,605	-0,64	
7,61	-0,61	
7,615	-0,58	
7,62	-0,56	
7,625	-0,54	
7,63	-0,52	
7,635	-0,51	
7,64	-0,5	
7,645	-0,48	
7,65	-0,45	
7,655	-0,42	
7,66	-0,39	
7,665	-0,37	
7,67	-0,34	
7,675	-0,33	
7,68	-0,32	
7,685	-0,3	
7,69	-0,28	
7,695	-0,24	
7,7	-0,21	
7,705	-0,19	
7,71	-0,16	
7,715	-0,14	
7,72	-0,12	
7,725	-0,11	
7,73	-0,09	
7,735	-0,07	
7,74	-0,03	
7,745	0	
7,75	0,03	
7,755	0,05	
7,76	0,07	
7,765	0,09	
7,77	0,1	
7,775	0,12	
7,78	0,15	
7,785	0,17	
7,79	0,22	
7,795	0,24	
7,8	0,27	
7,805	0,28	
7,81	0,3	
7,815	0,31	
7,82	0,33	
7,825	0,35	
7,83	0,38	
7,835	0,43	
7,84	0,45	
7,845	0,47	
7,85	0,49	
7,855	0,5	
7,86	0,51	
7,865	0,52	
7,87	0,54	
7,875	0,57	
7,88	0,61	
7,885	0,63	
7,89	0,65	
7,895	0,66	
7,9	0,67	
7,905	0,68	
7,91	0,69	
7,915	0,7	
7,92	0,73	
7,925	0,77	
7,93	0,79	
7,935	0,8	
7,94	0,81	
7,945	0,81	
7,95	0,82	
7,955	0,83	
7,96	0,84	
7,965	0,86	
7,97	0,89	
7,975	0,91	
7,98	0,92	
7,985	0,92	
7,99	0,92	
7,995	0,92	
8,0	0,92	
8,005	0,93	
8,01	0,95	
8,015	0,97	
8,02	0,99	
8,025	0,99	
8,03	0,99	
8,035	0,98	
8,04	0,98	
8,045	0,98	
8,05	0,98	
8,055	0,99	
8,06	1,01	
8,065	1,02	
8,07	1,01	
8,075	1,01	
8,08	1	
8,085	0,99	
8,09	0,99	
8,095	0,99	
8,1	1	
8,105	1	
8,11	1	
8,115	1	
8,12	0,99	
8,125	0,97	
8,13	0,96	
8,135	0,96	
8,14	0,96	
8,145	0,96	
8,15	0,95	
8,155	0,95	
8,16	0,93	
8,165	0,92	
8,17	0,9	
8,175	0,88	
8,18	0,88	
8,185	0,87	
8,19	0,87	
8,195	0,86	
8,2	0,85	
8,205	0,83	
8,21	0,81	
8,215	0,79	
8,22	0,77	
8,225	0,75	
8,23	0,74	
8,235	0,74	
8,24	0,73	
8,245	0,7	
8,25	0,68	
8,255	0,66	
8,26	0,63	
8,265	0,61	
8,27	0,6	
8,275	0,58	
8,28	0,57	
8,285	0,56	
8,29	0,53	
8,295	0,51	
8,3	0,48	
8,305	0,46	
8,31	0,44	
8,315	0,42	
8,32	0,4	
8,325	0,39	
8,33	0,37	
8,335	0,34	
8,34	0,31	
8,345	0,29	
8,35	0,26	
8,355	0,24	
8,36	0,22	
8,365	0,2	
8,37	0,18	
8,375	0,17	
8,38	0,13	
8,385	0,1	
8,39	0,07	
8,395	0,04	
8,4	0,02	
8,405	0	
8,41	-0,02	
8,415	-0,03	
8,42	-0,05	
8,425	-0,09	
8,43	-0,11	
8,435	-0,14	
8,44	-0,17	
8,445	-0,19	
8,45	-0,21	
8,455	-0,23	
8,46	-0,25	
8,465	-0,27	
8,47	-0,3	
8,475	-0,33	
8,48	-0,35	
8,485	-0,37	
8,49	-0,4	
8,495	-0,41	
8,5	-0,43	
8,505	-0,44	
8,51	-0,46	
8,515	-0,5	
8,52	-0,52	
8,525	-0,55	
8,53	-0,57	
8,535	-0,58	
8,54	-0,6	
8,545	-0,61	
8,55	-0,62	
8,555	-0,64	
8,56	-0,67	
8,565	-0,69	
8,57	-0,71	
8,575	-0,73	
8,58	-0,74	
8,585	-0,76	
8,59	-0,77	
8,595	-0,78	
8,6	-0,79	
8,605	-0,81	
8,61	-0,83	
8,615	-0,85	
8,62	-0,86	
8,625	-0,87	
8,63	-0,88	
8,635	-0,88	
8,64	-0,89	
8,645	-0,9	
8,65	-0,92	
8,655	-0,94	
8,66	-0,95	
8,665	-0,96	
8,67	-0,96	
8,675	-0,97	
8,68	-0,97	
8,685	-0,97	
8,69	-0,97	
8,695	-0,98	
8,7	-1	
8,705	-1	
8,71	-1,01	
8,715	-1,01	
8,72	-1,01	
8,725	-1	
8,73	-1	
8,735	-1	
8,74	-1,01	
8,745	-1,01	
8,75	-1,01	
8,755	-1,01	
8,76	-1,01	
8,765	-1	
8,77	-0,99	
8,775	-0,99	
8,78	-0,98	
8,785	-0,98	
8,79	-0,98	
8,795	-0,97	
8,8	-0,96	
8,805	-0,96	
8,81	-0,95	
8,815	-0,94	
8,82	-0,93	
8,825	-0,92	
8,83	-0,91	
8,835	-0,9	
8,84	-0,89	
8,845	-0,88	
8,85	-0,86	
8,855	-0,85	
8,86	-0,84	
8,865	-0,83	
8,87	-0,82	
8,875	-0,81	
8,88	-0,79	
8,885	-0,78	
8,89	-0,76	
8,895	-0,74	
8,9	-0,72	
8,905	-0,7	
8,91	-0,69	
8,915	-0,68	
8,92	-0,66	
8,925	-0,64	
8,93	-0,62	
8,935	-0,6	
8,94	-0,58	
8,945	-0,56	
8,95	-0,54	
8,955	-0,52	
8,96	-0,51	
8,965	-0,49	
8,97	-0,46	
8,975	-0,44	
8,98	-0,42	
8,985	-0,39	
8,99	-0,37	
8,995	-0,35	
9,0	-0,33	
9,005	-0,31	
9,01	-0,29	
9,015	-0,26	
9,02	-0,24	
9,025	-0,22	
9,03	-0,19	
9,035	-0,16	
9,04	-0,14	
9,045	-0,12	
9,05	-0,11	
9,055	-0,09	
9,06	-0,06	
9,065	-0,03	
9,07	0	
9,075	0,02	
9,08	0,05	
9,085	0,07	
9,09	0,09	
9,095	0,11	
9,1	0,13	
9,105	0,15	
9,11	0,19	
9,115	0,21	
9,12	0,24	
9,125	0,26	
9,13	0,28	
9,135	0,3	
9,14	0,31	
9,145	0,33	
9,15	0,35	
9,155	0,39	
9,16	0,42	
9,165	0,44	
9,17	0,47	
9,175	0,48	
9,18	0,49	
9,185	0,51	
9,19	0,52	
9,195	0,54	
9,2	0,57	
9,205	0,6	
9,21	0,62	
9,215	0,64	
9,22	0,65	
9,225	0,66	
9,23	0,67	
9,235	0,68	
9,24	0,7	
9,245	0,73	
9,25	0,75	
9,255	0,77	
9,26	0,79	
9,265	0,8	
9,27	0,8	
9,275	0,81	
9,28	0,81	
9,285	0,83	
9,29	0,85	
9,295	0,87	
9,3	0,89	
9,305	0,9	
9,31	0,9	
9,315	0,91	
9,32	0,91	
9,325	0,91	
9,33	0,92	
9,335	0,93	
9,34	0,95	
9,345	0,96	
9,35	0,97	
9,355	0,97	
9,36	0,97	
9,365	0,97	
9,37	0,96	
9,375	0,97	
9,38	0,98	
9,385	0,99	
9,39	0,99	
9,395	0,99	
9,4	0,99	
9,405	0,98	
9,41	0,98	
9,415	0,97	
9,42	0,98	
9,425	0,98	
9,43	0,98	
9,435	0,98	
9,44	0,97	
9,445	0,96	
9,45	0,95	
9,455	0,94	
9,46	0,93	
9,465	0,93	
9,47	0,93	
9,475	0,93	
9,48	0,93	
9,485	0,92	
9,49	0,9	
9,495	0,88	
9,5	0,87	
9,505	0,85	
9,51	0,84	
9,515	0,84	
9,52	0,84	
9,525	0,83	
9,53	0,82	
9,535	0,8	
9,54	0,78	
9,545	0,76	
9,55	0,74	
9,555	0,73	
9,56	0,72	
9,565	0,71	
9,57	0,7	
9,575	0,68	
9,58	0,66	
9,585	0,63	
9,59	0,61	
9,595	0,58	
9,6	0,57	
9,605	0,56	
9,61	0,54	
9,615	0,53	
9,62	0,51	
9,625	0,48	
9,63	0,46	
9,635	0,43	
9,64	0,41	
9,645	0,39	
9,65	0,38	
9,655	0,36	
9,66	0,34	
9,665	0,32	
9,67	0,29	
9,675	0,26	
9,68	0,23	
9,685	0,21	
9,69	0,19	
9,695	0,18	
9,7	0,16	
9,705	0,14	
9,71	0,12	
9,715	0,09	
9,72	0,06	
9,725	0,03	
9,73	0,01	
9,735	-0,01	
9,74	-0,02	
9,745	-0,05	
9,75	-0,07	
9,755	-0,09	
9,76	-0,12	
9,765	-0,14	
9,77	-0,17	
9,775	-0,19	
9,78	-0,21	
9,785	-0,23	
9,79	-0,25	
9,795	-0,27	
9,8	-0,29	
9,805	-0,32	
9,81	-0,35	
9,815	-0,37	
9,82	-0,4	
9,825	-0,41	
9,83	-0,42	
9,835	-0,44	
9,84	-0,46	
9,845	-0,48	
9,85	-0,51	
9,855	-0,53	
9,86	-0,56	
9,865	-0,57	
9,87	-0,59	
9,875	-0,6	
9,88	-0,62	
9,885	-0,63	
9,89	-0,65	
9,895	-0,67	
9,9	-0,69	
9,905	-0,7	
9,91	-0,72	
9,915	-0,73	
9,92	-0,74	
9,925	-0,76	
9,93	-0,77	
9,935	-0,79	
9,94	-0,8	
9,945	-0,82	
9,95	-0,83	
9,955	-0,84	
9,96	-0,85	
9,965	-0,86	
9,97	-0,87	
9,975	-0,88	
9,98	-0,89	
9,985	-0,9	
9,99	-0,92	
9,995	-0,92	
10,0	-0,93	
10,005	-0,93	
10,01	-0,93	
10,015	-0,93	
10,02	-0,93	
10,025	-0,94	
10,03	-0,95	
10,035	-0,96	
10,04	-0,97	
10,045	-0,97	
10,05	-0,97	
10,055	-0,96	
10,06	-0,96	
10,065	-0,96	
10,07	-0,96	
10,075	-0,96	
10,08	-0,97	
10,085	-0,97	
10,09	-0,97	
10,095	-0,96	
10,1	-0,96	
10,105	-0,95	
10,11	-0,94	
10,115	-0,93	
10,12	-0,93	
10,125	-0,93	
10,13	-0,92	
10,135	-0,92	
10,14	-0,91	
10,145	-0,9	
10,15	-0,89	
10,155	-0,88	
10,16	-0,87	
10,165	-0,86	
10,17	-0,85	
10,175	-0,84	
10,18	-0,83	
10,185	-0,82	
10,19	-0,8	
10,195	-0,79	
10,2	-0,77	
10,205	-0,76	
10,21	-0,75	
10,215	-0,74	
10,22	-0,73	
10,225	-0,71	
10,23	-0,69	
10,235	-0,67	
10,24	-0,66	
10,245	-0,63	
10,25	-0,62	
10,255	-0,61	
10,26	-0,59	
10,265	-0,58	
10,27	-0,56	
10,275	-0,54	
10,28	-0,51	
10,285	-0,5	
10,29	-0,47	
10,295	-0,45	
10,3	-0,44	
10,305	-0,42	
10,31	-0,4	
10,315	-0,38	
10,32	-0,36	
10,325	-0,33	
10,33	-0,31	
10,335	-0,28	
10,34	-0,26	
10,345	-0,25	
10,35	-0,23	
10,355	-0,21	
10,36	-0,18	
10,365	-0,16	
10,37	-0,14	
10,375	-0,12	
10,38	-0,09	
10,385	-0,07	
10,39	-0,05	
10,395	-0,03	
10,4	-0,01	
10,405	0,01	
10,41	0,04	
10,415	0,06	
10,42	0,09	
10,425	0,08	
10,43	0,14	
10,435	0,16	
10,44	0,17	
10,445	0,19	
10,45	0,21	
10,455	0,23	
10,46	0,25	
10,465	0,27	
10,47	0,3	
10,475	0,33	
10,48	0,35	
10,485	0,37	
10,49	0,39	
10,495	0,41	
10,5	0,43	
10,505	0,44	
10,51	0,46	
10,515	0,48	
10,52	0,5	
10,525	0,52	
10,53	0,54	
10,535	0,56	
10,54	0,58	
10,545	0,6	
10,55	0,61	
10,555	0,62	
10,56	0,64	
10,565	0,66	
10,57	0,67	
10,575	0,69	
10,58	0,71	
10,585	0,73	
10,59	0,74	
10,595	0,75	
10,6	0,76	
10,605	0,77	
10,61	0,78	
10,615	0,79	
10,62	0,8	
10,625	0,82	
10,63	0,83	
10,635	0,85	
10,64	0,85	
10,645	0,86	
10,65	0,87	
10,655	0,87	
10,66	0,88	
10,665	0,89	
10,67	0,9	
10,675	0,91	
10,68	0,92	
10,685	0,92	
10,69	0,92	
10,695	0,92	
10,7	0,92	
10,705	0,93	
10,71	0,93	
10,715	0,93	
10,72	0,94	
10,725	0,94	
10,73	0,94	
10,735	0,94	
10,74	0,93	
10,745	0,93	
10,75	0,93	
10,755	0,93	
10,76	0,93	
10,765	0,93	
10,77	0,93	
10,775	0,92	
10,78	0,91	
10,785	0,91	
10,79	0,9	
10,795	0,89	
10,8	0,89	
10,805	0,89	
10,81	0,88	
10,815	0,87	
10,82	0,86	
10,825	0,85	
10,83	0,84	
10,835	0,82	
10,84	0,82	
10,845	0,81	
10,85	0,8	
10,855	0,8	
10,86	0,78	
10,865	0,77	
10,87	0,75	
10,875	0,73	
10,88	0,71	
10,885	0,7	
10,89	0,69	
10,895	0,68	
10,9	0,67	
10,905	0,65	
10,91	0,63	
10,915	0,62	
10,92	0,6	
10,925	0,58	
10,93	0,56	
10,935	0,54	
10,94	0,53	
10,945	0,52	
10,95	0,5	
10,955	0,48	
10,96	0,46	
10,965	0,43	
10,97	0,41	
10,975	0,39	
10,98	0,37	
10,985	0,36	
10,99	0,34	
10,995	0,32	
11,0	0,3	
11,005	0,28	
11,01	0,25	
11,015	0,23	
11,02	0,2	
11,025	0,19	
11,03	0,17	
11,035	0,16	
11,04	0,14	
11,045	0,11	
11,05	0,09	
11,055	0,06	
11,06	0,04	
11,065	0,01	
11,07	-0,01	
11,075	-0,02	
11,08	-0,04	
11,085	-0,06	
11,09	-0,08	
11,095	-0,11	
11,1	-0,13	
11,105	-0,15	
11,11	-0,18	
11,115	-0,2	
11,12	-0,22	
11,125	-0,24	
11,13	-0,26	
11,135	-0,28	
11,14	-0,3	
11,145	-0,32	
11,15	-0,34	
11,155	-0,37	
11,16	-0,38	
11,165	-0,4	
11,17	-0,41	
11,175	-0,43	
11,18	-0,45	
11,185	-0,47	
11,19	-0,5	
11,195	-0,51	
11,2	-0,54	
11,205	-0,55	
11,21	-0,56	
11,215	-0,58	
11,22	-0,59	
11,225	-0,61	
11,23	-0,63	
11,235	-0,65	
11,24	-0,67	
11,245	-0,69	
11,25	-0,7	
11,255	-0,71	
11,26	-0,72	
11,265	-0,73	
11,27	-0,74	
11,275	-0,76	
11,28	-0,77	
11,285	-0,78	
11,29	-0,79	
11,295	-0,8	
11,3	-0,81	
11,305	-0,81	
11,31	-0,83	
11,315	-0,84	
11,32	-0,85	
11,325	-0,87	
11,33	-0,88	
11,335	-0,88	
11,34	-0,88	
11,345	-0,88	
11,35	-0,88	
11,355	-0,88	
11,36	-0,89	
11,365	-0,9	
11,37	-0,91	
11,375	-0,92	
11,38	-0,92	
11,385	-0,91	
11,39	-0,91	
11,395	-0,91	
11,4	-0,91	
11,405	-0,92	
11,41	-0,92	
11,415	-0,93	
11,42	-0,92	
11,425	-0,92	
11,43	-0,91	
11,435	-0,9	
11,44	-0,9	
11,445	-0,9	
11,45	-0,9	
11,455	-0,9	
11,46	-0,89	
11,465	-0,89	
11,47	-0,88	
11,475	-0,86	
11,48	-0,86	
11,485	-0,85	
11,49	-0,84	
11,495	-0,84	
11,5	-0,84	
11,505	-0,83	
11,51	-0,82	
11,515	-0,8	
11,52	-0,78	
11,525	-0,77	
11,53	-0,76	
11,535	-0,75	
11,54	-0,74	
11,545	-0,73	
11,55	-0,72	
11,555	-0,7	
11,56	-0,69	
11,565	-0,66	
11,57	-0,64	
11,575	-0,63	
11,58	-0,62	
11,585	-0,61	
11,59	-0,6	
11,595	-0,58	
11,6	-0,57	
11,605	-0,55	
11,61	-0,52	
11,615	-0,5	
11,62	-0,48	
11,625	-0,47	
11,63	-0,46	
11,635	-0,45	
11,64	-0,43	
11,645	-0,41	
11,65	-0,39	
11,655	-0,35	
11,66	-0,33	
11,665	-0,31	
11,67	-0,29	
11,675	-0,28	
11,68	-0,27	
11,685	-0,25	
11,69	-0,23	
11,695	-0,2	
11,7	-0,16	
11,705	-0,14	
11,71	-0,12	
11,715	-0,11	
11,72	-0,09	
11,725	-0,08	
11,73	-0,06	
11,735	-0,04	
11,74	-0,01	
11,745	0,02	
11,75	0,05	
11,755	0,06	
11,76	0,08	
11,765	0,1	
11,77	0,11	
11,775	0,13	
11,78	0,16	
11,785	0,18	
11,79	0,22	
11,795	0,24	
11,8	0,26	
11,805	0,27	
11,81	0,29	
11,815	0,3	
11,82	0,32	
11,825	0,34	
11,83	0,37	
11,835	0,39	
11,84	0,42	
11,845	0,44	
11,85	0,45	
11,855	0,46	
11,86	0,48	
11,865	0,49	
11,87	0,51	
11,875	0,53	
11,88	0,55	
11,885	0,57	
11,89	0,59	
11,895	0,6	
11,9	0,61	
11,905	0,63	
11,91	0,64	
11,915	0,66	
11,92	0,68	
11,925	0,69	
11,93	0,71	
11,935	0,72	
11,94	0,73	
11,945	0,73	
11,95	0,75	
11,955	0,76	
11,96	0,77	
11,965	0,79	
11,97	0,8	
11,975	0,82	
11,98	0,82	
11,985	0,82	
11,99	0,83	
11,995	0,84	
12,0	0,84	
12,005	0,85	
12,01	0,87	
12,015	0,88	
12,02	0,88	
12,025	0,89	
12,03	0,89	
12,035	0,89	
12,04	0,89	
12,045	0,89	
12,05	0,9	
12,055	0,91	
12,06	0,91	
12,065	0,92	
12,07	0,91	
12,075	0,91	
12,08	0,91	
12,085	0,91	
12,09	0,9	
12,095	0,9	
12,1	0,91	
12,105	0,9	
12,11	0,9	
12,115	0,9	
12,12	0,89	
12,125	0,88	
12,13	0,88	
12,135	0,87	
12,14	0,87	
12,145	0,87	
12,15	0,86	
12,155	0,85	
12,16	0,84	
12,165	0,83	
12,17	0,82	
12,175	0,81	
12,18	0,8	
12,185	0,8	
12,19	0,79	
12,195	0,78	
12,2	0,76	
12,205	0,74	
12,21	0,73	
12,215	0,72	
12,22	0,71	
12,225	0,7	
12,23	0,69	
12,235	0,68	
12,24	0,67	
12,245	0,65	
12,25	0,62	
12,255	0,61	
12,26	0,59	
12,265	0,57	
12,27	0,57	
12,275	0,55	
12,28	0,54	
12,285	0,52	
12,29	0,5	
12,295	0,47	
12,3	0,44	
12,305	0,42	
12,31	0,41	
12,315	0,4	
12,32	0,39	
12,325	0,37	
12,33	0,36	
12,335	0,34	
12,34	0,3	
12,345	0,28	
12,35	0,25	
12,355	0,24	
12,36	0,22	
12,365	0,21	
12,37	0,19	
12,375	0,17	
12,38	0,15	
12,385	0,11	
12,39	0,09	
12,395	0,07	
12,4	0,05	
12,405	0,03	
12,41	0,01	
12,415	-0,01	
12,42	-0,03	
12,425	-0,05	
12,43	-0,08	
12,435	-0,1	
12,44	-0,12	
12,445	-0,14	
12,45	-0,16	
12,455	-0,18	
12,46	-0,19	
12,465	-0,22	
12,47	-0,24	
12,475	-0,27	
12,48	-0,29	
12,485	-0,31	
12,49	-0,32	
12,495	-0,34	
12,5	-0,36	
12,505	-0,38	
12,51	-0,4	
12,515	-0,42	
12,52	-0,44	
12,525	-0,46	
12,53	-0,48	
12,535	-0,49	
12,54	-0,5	
12,545	-0,52	
12,55	-0,54	
12,555	-0,56	
12,56	-0,57	
12,565	-0,6	
12,57	-0,61	
12,575	-0,63	
12,58	-0,64	
12,585	-0,65	
12,59	-0,67	
12,595	-0,68	
12,6	-0,69	
12,605	-0,71	
12,61	-0,73	
12,615	-0,74	
12,62	-0,76	
12,625	-0,77	
12,63	-0,77	
12,635	-0,78	
12,64	-0,79	
12,645	-0,8	
12,65	-0,81	
12,655	-0,83	
12,66	-0,84	
12,665	-0,85	
12,67	-0,85	
12,675	-0,86	
12,68	-0,86	
12,685	-0,87	
12,69	-0,87	
12,695	-0,88	
12,7	-0,89	
12,705	-0,9	
12,71	-0,9	
12,715	-0,9	
12,72	-0,9	
12,725	-0,9	
12,73	-0,91	
12,735	-0,91	
12,74	-0,91	
12,745	-0,92	
12,75	-0,91	
12,755	-0,91	
12,76	-0,91	
12,765	-0,91	
12,77	-0,9	
12,775	-0,9	
12,78	-0,9	
12,785	-0,91	
12,79	-0,9	
12,795	-0,9	
12,8	-0,89	
12,805	-0,88	
12,81	-0,87	
12,815	-0,87	
12,82	-0,86	
12,825	-0,86	
12,83	-0,85	
12,835	-0,85	
12,84	-0,83	
12,845	-0,82	
12,85	-0,81	
12,855	-0,8	
12,86	-0,79	
12,865	-0,78	
12,87	-0,78	
12,875	-0,77	
12,88	-0,76	
12,885	-0,74	
12,89	-0,72	
12,895	-0,71	
12,9	-0,69	
12,905	-0,68	
12,91	-0,67	
12,915	-0,66	
12,92	-0,64	
12,925	-0,63	
12,93	-0,61	
12,935	-0,59	
12,94	-0,57	
12,945	-0,56	
12,95	-0,54	
12,955	-0,53	
12,96	-0,51	
12,965	-0,49	
12,97	-0,48	
12,975	-0,45	
12,98	-0,43	
12,985	-0,41	
12,99	-0,39	
12,995	-0,37	
13,0	-0,35	
13,005	-0,34	
13,01	-0,32	
13,015	-0,3	
13,02	-0,27	
13,025	-0,25	
13,03	-0,23	
13,035	-0,21	
13,04	-0,19	
13,045	-0,17	
13,05	-0,15	
13,055	-0,14	
13,06	-0,12	
13,065	-0,09	
13,07	-0,06	
13,075	-0,04	
13,08	-0,02	
13,085	0	
13,09	0,02	
13,095	0,04	
13,1	0,06	
13,105	0,08	
13,11	0,11	
13,115	0,13	
13,12	0,15	
13,125	0,18	
13,13	0,2	
13,135	0,22	
13,14	0,23	
13,145	0,25	
13,15	0,27	
13,155	0,29	
13,16	0,33	
13,165	0,35	
13,17	0,36	
13,175	0,38	
13,18	0,4	
13,185	0,42	
13,19	0,43	
13,195	0,45	
13,2	0,47	
13,205	0,5	
13,21	0,52	
13,215	0,54	
13,22	0,55	
13,225	0,57	
13,23	0,58	
13,235	0,59	
13,24	0,61	
13,245	0,62	
13,25	0,65	
13,255	0,67	
13,26	0,68	
13,265	0,69	
13,27	0,71	
13,275	0,72	
13,28	0,72	
13,285	0,74	
13,29	0,75	
13,295	0,77	
13,3	0,79	
13,305	0,8	
13,31	0,81	
13,315	0,81	
13,32	0,82	
13,325	0,82	
13,33	0,83	
13,335	0,83	
13,34	0,86	
13,345	0,87	
13,35	0,88	
13,355	0,89	
13,36	0,89	
13,365	0,9	
13,37	0,89	
13,375	0,9	
13,38	0,9	
13,385	0,92	
13,39	0,92	
13,395	0,93	
13,4	0,93	
13,405	0,93	
13,41	0,92	
13,415	0,92	
13,42	0,91	
13,425	0,92	
13,43	0,92	
13,435	0,92	
13,44	0,92	
13,445	0,92	
13,45	0,92	
13,455	0,91	
13,46	0,91	
13,465	0,9	
13,47	0,9	
13,475	0,89	
13,48	0,89	
13,485	0,89	
13,49	0,88	
13,495	0,87	
13,5	0,86	
13,505	0,85	
13,51	0,84	
13,515	0,84	
13,52	0,83	
13,525	0,82	
13,53	0,81	
13,535	0,8	
13,54	0,79	
13,545	0,77	
13,55	0,76	
13,555	0,74	
13,56	0,73	
13,565	0,72	
13,57	0,71	
13,575	0,7	
13,58	0,68	
13,585	0,66	
13,59	0,65	
13,595	0,63	
13,6	0,62	
13,605	0,6	
13,61	0,59	
13,615	0,57	
13,62	0,55	
13,625	0,53	
13,63	0,51	
13,635	0,49	
13,64	0,47	
13,645	0,45	
13,65	0,44	
13,655	0,42	
13,66	0,4	
13,665	0,38	
13,67	0,36	
13,675	0,34	
13,68	0,32	
13,685	0,3	
13,69	0,28	
13,695	0,25	
13,7	0,24	
13,705	0,21	
13,71	0,19	
13,715	0,17	
13,72	0,15	
13,725	0,13	
13,73	0,1	
13,735	0,08	
13,74	0,06	
13,745	0,04	
13,75	0,02	
13,755	-0,01	
13,76	-0,03	
13,765	-0,05	
13,77	-0,07	
13,775	-0,1	
13,78	-0,12	
13,785	-0,14	
13,79	-0,15	
13,795	-0,18	
13,8	-0,2	
13,805	-0,22	
13,81	-0,24	
13,815	-0,26	
13,82	-0,28	
13,825	-0,31	
13,83	-0,33	
13,835	-0,34	
13,84	-0,37	
13,845	-0,39	
13,85	-0,41	
13,855	-0,43	
13,86	-0,45	
13,865	-0,47	
13,87	-0,49	
13,875	-0,5	
13,88	-0,52	
13,885	-0,54	
13,89	-0,56	
13,895	-0,57	
13,9	-0,59	
13,905	-0,61	
13,91	-0,63	
13,915	-0,65	
13,92	-0,66	
13,925	-0,67	
13,93	-0,69	
13,935	-0,71	
13,94	-0,72	
13,945	-0,74	
13,95	-0,75	
13,955	-0,76	
13,96	-0,78	
13,965	-0,79	
13,97	-0,8	
13,975	-0,81	
13,98	-0,82	
13,985	-0,83	
13,99	-0,84	
13,995	-0,86	
14,0	-0,87	
14,005	-0,88	
14,01	-0,88	
14,015	-0,89	
14,02	-0,9	
14,025	-0,9	
14,03	-0,91	
14,035	-0,92	
14,04	-0,92	
14,045	-0,93	
14,05	-0,93	
14,055	-0,94	
14,06	-0,94	
14,065	-0,94	
14,07	-0,95	
14,075	-0,95	
14,08	-0,95	
14,085	-0,95	
14,09	-0,95	
14,095	-0,95	
14,1	-0,95	
14,105	-0,94	
14,11	-0,94	
14,115	-0,94	
14,12	-0,93	
14,125	-0,93	
14,13	-0,93	
14,135	-0,92	
14,14	-0,92	
14,145	-0,92	
14,15	-0,91	
14,155	-0,9	
14,16	-0,89	
14,165	-0,89	
14,17	-0,88	
14,175	-0,88	
14,18	-0,87	
14,185	-0,85	
14,19	-0,85	
14,195	-0,84	
14,2	-0,82	
14,205	-0,8	
14,21	-0,8	
14,215	-0,78	
14,22	-0,77	
14,225	-0,76	
14,23	-0,75	
14,235	-0,73	
14,24	-0,72	
14,245	-0,7	
14,25	-0,68	
14,255	-0,67	
14,26	-0,65	
14,265	-0,64	
14,27	-0,63	
14,275	-0,61	
14,28	-0,59	
14,285	-0,58	
14,29	-0,56	
14,295	-0,53	
14,3	-0,51	
14,305	-0,5	
14,31	-0,48	
14,315	-0,46	
14,32	-0,44	
14,325	-0,42	
14,33	-0,4	
14,335	-0,38	
14,34	-0,35	
14,345	-0,34	
14,35	-0,32	
14,355	-0,3	
14,36	-0,28	
14,365	-0,26	
14,37	-0,23	
14,375	-0,21	
14,38	-0,19	
14,385	-0,16	
14,39	-0,14	
14,395	-0,12	
14,4	-0,1	
14,405	-0,08	
14,41	-0,05	
14,415	-0,03	
14,42	0	
14,425	0,02	
14,43	0,05	
14,435	0,07	
14,44	0,09	
14,445	0,1	
14,45	0,12	
14,455	0,14	
14,46	0,17	
14,465	0,19	
14,47	0,22	
14,475	0,25	
14,48	0,27	
14,485	0,29	
14,49	0,3	
14,495	0,32	
14,5	0,34	
14,505	0,37	
14,51	0,39	
14,515	0,4	
14,52	0,42	
14,525	0,45	
14,53	0,47	
14,535	0,49	
14,54	0,51	
14,545	0,53	
14,55	0,55	
14,555	0,57	
14,56	0,59	
14,565	0,6	
14,57	0,63	
14,575	0,64	
14,58	0,65	
14,585	0,67	
14,59	0,69	
14,595	0,7	
14,6	0,72	
14,605	0,73	
14,61	0,74	
14,615	0,76	
14,62	0,77	
14,625	0,79	
14,63	0,8	
14,635	0,81	
14,64	0,83	
14,645	0,84	
14,65	0,85	
14,655	0,86	
14,66	0,87	
14,665	0,88	
14,67	0,89	
14,675	0,9	
14,68	0,91	
14,685	0,91	
14,69	0,92	
14,695	0,93	
14,7	0,93	
14,705	0,94	
14,71	0,94	
14,715	0,95	
14,72	0,95	
14,725	0,96	
14,73	0,96	
14,735	0,97	
14,74	0,97	
14,745	0,97	
14,75	0,97	
14,755	0,96	
14,76	0,96	
14,765	0,96	
14,77	0,96	
14,775	0,96	
14,78	0,96	
14,785	0,96	
14,79	0,96	
14,795	0,95	
14,8	0,94	
14,805	0,94	
14,81	0,93	
14,815	0,92	
14,82	0,92	
14,825	0,91	
14,83	0,9	
14,835	0,89	
14,84	0,88	
14,845	0,87	
14,85	0,86	
14,855	0,86	
14,86	0,85	
14,865	0,84	
14,87	0,83	
14,875	0,82	
14,88	0,8	
14,885	0,79	
14,89	0,77	
14,895	0,76	
14,9	0,75	
14,905	0,73	
14,91	0,71	
14,915	0,7	
14,92	0,68	
14,925	0,67	
14,93	0,65	
14,935	0,63	
14,94	0,61	
14,945	0,59	
14,95	0,58	
14,955	0,56	
14,96	0,54	
14,965	0,52	
14,97	0,5	
14,975	0,48	
14,98	0,46	
14,985	0,44	
14,99	0,42	
14,995	0,4	
15,0	0,38	
15,005	0,36	
15,01	0,34	
15,015	0,32	
15,02	0,3	
15,025	0,27	
15,03	0,25	
15,035	0,23	
15,04	0,21	
15,045	0,18	
15,05	0,16	
15,055	0,14	
15,06	0,12	
15,065	0,1	
15,07	0,06	
15,075	0,04	
15,08	0,02	
15,085	0	
15,09	-0,03	
15,095	-0,05	
15,1	-0,07	
15,105	-0,09	
15,11	-0,11	
15,115	-0,14	
15,12	-0,17	
15,125	-0,19	
15,13	-0,21	
15,135	-0,23	
15,14	-0,25	
15,145	-0,27	
15,15	-0,29	
15,155	-0,31	
15,16	-0,34	
15,165	-0,36	
15,17	-0,38	
15,175	-0,4	
15,18	-0,42	
15,185	-0,45	
15,19	-0,46	
15,195	-0,48	
15,2	-0,5	
15,205	-0,52	
15,21	-0,55	
15,215	-0,57	
15,22	-0,59	
15,225	-0,6	
15,23	-0,62	
15,235	-0,64	
15,24	-0,65	
15,245	-0,67	
15,25	-0,69	
15,255	-0,7	
15,26	-0,72	
15,265	-0,73	
15,27	-0,75	
15,275	-0,76	
15,28	-0,78	
15,285	-0,79	
15,29	-0,81	
15,295	-0,83	
15,3	-0,84	
15,305	-0,85	
15,31	-0,86	
15,315	-0,87	
15,32	-0,88	
15,325	-0,89	
15,33	-0,9	
15,335	-0,9	
15,34	-0,92	
15,345	-0,92	
15,35	-0,93	
15,355	-0,94	
15,36	-0,94	
15,365	-0,95	
15,37	-0,96	
15,375	-0,96	
15,38	-0,97	
15,385	-0,97	
15,39	-0,97	
15,395	-0,98	
15,4	-0,98	
15,405	-0,98	
15,41	-0,98	
15,415	-0,98	
15,42	-0,98	
15,425	-0,98	
15,43	-0,98	
15,435	-0,98	
15,44	-0,97	
15,445	-0,97	
15,45	-0,97	
15,455	-0,96	
15,46	-0,96	
15,465	-0,95	
15,47	-0,95	
15,475	-0,94	
15,48	-0,93	
15,485	-0,93	
15,49	-0,92	
15,495	-0,91	
15,5	-0,91	
15,505	-0,9	
15,51	-0,89	
15,515	-0,88	
15,52	-0,87	
15,525	-0,85	
15,53	-0,84	
15,535	-0,83	
15,54	-0,82	
15,545	-0,81	
15,55	-0,8	
15,555	-0,79	
15,56	-0,77	
15,565	-0,75	
15,57	-0,73	
15,575	-0,71	
15,58	-0,7	
15,585	-0,69	
15,59	-0,67	
15,595	-0,66	
15,6	-0,64	
15,605	-0,62	
15,61	-0,6	
15,615	-0,58	
15,62	-0,56	
15,625	-0,54	
15,63	-0,52	
15,635	-0,51	
15,64	-0,49	
15,645	-0,47	
15,65	-0,45	
15,655	-0,43	
15,66	-0,39	
15,665	-0,38	
15,67	-0,36	
15,675	-0,34	
15,68	-0,32	
15,685	-0,3	
15,69	-0,27	
15,695	-0,25	
15,7	-0,23	
15,705	-0,19	
15,71	-0,17	
15,715	-0,15	
15,72	-0,13	
15,725	-0,11	
15,73	-0,09	
15,735	-0,07	
15,74	-0,04	
15,745	-0,02	
15,75	0,02	
15,755	0,04	
15,76	0,06	
15,765	0,08	
15,77	0,1	
15,775	0,12	
15,78	0,14	
15,785	0,17	
15,79	0,19	
15,795	0,22	
15,8	0,25	
15,805	0,27	
15,81	0,28	
15,815	0,3	
15,82	0,32	
15,825	0,35	
15,83	0,37	
15,835	0,39	
15,84	0,43	
15,845	0,45	
15,85	0,47	
15,855	0,48	
15,86	0,5	
15,865	0,52	
15,87	0,53	
15,875	0,55	
15,88	0,57	
15,885	0,6	
15,89	0,62	
15,895	0,64	
15,9	0,65	
15,905	0,67	
15,91	0,68	
15,915	0,69	
15,92	0,71	
15,925	0,73	
15,93	0,75	
15,935	0,77	
15,94	0,78	
15,945	0,79	
15,95	0,8	
15,955	0,81	
15,96	0,83	
15,965	0,84	
15,97	0,85	
15,975	0,87	
15,98	0,89	
15,985	0,89	
15,99	0,9	
15,995	0,9	
16,0	0,91	
16,005	0,92	
16,01	0,93	
16,015	0,94	
16,02	0,95	
16,025	0,96	
16,03	0,96	
16,035	0,96	
16,04	0,96	
16,045	0,96	
16,05	0,97	
16,055	0,98	
16,06	0,98	
16,065	0,98	
16,07	0,99	
16,075	0,98	
16,08	0,98	
16,085	0,98	
16,09	0,98	
16,095	0,98	
16,1	0,98	
16,105	0,98	
16,11	0,98	
16,115	0,97	
16,12	0,97	
16,125	0,96	
16,13	0,95	
16,135	0,94	
16,14	0,94	
16,145	0,93	
16,15	0,93	
16,155	0,93	
16,16	0,92	
16,165	0,9	
16,17	0,89	
16,175	0,88	
16,18	0,86	
16,185	0,86	
16,19	0,85	
16,195	0,84	
16,2	0,83	
16,205	0,81	
16,21	0,8	
16,215	0,78	
16,22	0,77	
16,225	0,75	
16,23	0,74	
16,235	0,73	
16,24	0,71	
16,245	0,7	
16,25	0,68	
16,255	0,66	
16,26	0,64	
16,265	0,62	
16,27	0,6	
16,275	0,58	
16,28	0,57	
16,285	0,55	
16,29	0,53	
16,295	0,52	
16,3	0,49	
16,305	0,47	
16,31	0,45	
16,315	0,43	
16,32	0,41	
16,325	0,39	
16,33	0,37	
16,335	0,35	
16,34	0,33	
16,345	0,29	
16,35	0,27	
16,355	0,25	
16,36	0,23	
16,365	0,21	
16,37	0,19	
16,375	0,17	
16,38	0,15	
16,385	0,12	
16,39	0,09	
16,395	0,07	
16,4	0,04	
16,405	0,02	
16,41	0,01	
16,415	-0,02	
16,42	-0,04	
16,425	-0,06	
16,43	-0,09	
16,435	-0,12	
16,44	-0,15	
16,445	-0,17	
16,45	-0,19	
16,455	-0,22	
16,46	-0,23	
16,465	-0,25	
16,47	-0,27	
16,475	-0,29	
16,48	-0,32	
16,485	-0,34	
16,49	-0,37	
16,495	-0,39	
16,5	-0,4	
16,505	-0,42	
16,51	-0,44	
16,515	-0,46	
16,52	-0,48	
16,525	-0,51	
16,53	-0,53	
16,535	-0,55	
16,54	-0,57	
16,545	-0,59	
16,55	-0,6	
16,555	-0,62	
16,56	-0,64	
16,565	-0,65	
16,57	-0,67	
16,575	-0,69	
16,58	-0,7	
16,585	-0,72	
16,59	-0,74	
16,595	-0,76	
16,6	-0,77	
16,605	-0,78	
16,61	-0,8	
16,615	-0,81	
16,62	-0,82	
16,625	-0,83	
16,63	-0,84	
16,635	-0,85	
16,64	-0,87	
16,645	-0,87	
16,65	-0,88	
16,655	-0,89	
16,66	-0,91	
16,665	-0,92	
16,67	-0,93	
16,675	-0,93	
16,68	-0,94	
16,685	-0,94	
16,69	-0,95	
16,695	-0,96	
16,7	-0,96	
16,705	-0,96	
16,71	-0,97	
16,715	-0,97	
16,72	-0,97	
16,725	-0,97	
16,73	-0,98	
16,735	-0,97	
16,74	-0,97	
16,745	-0,97	
16,75	-0,97	
16,755	-0,97	
16,76	-0,97	
16,765	-0,97	
16,77	-0,97	
16,775	-0,96	
16,78	-0,96	
16,785	-0,95	
16,79	-0,95	
16,795	-0,94	
16,8	-0,94	
16,805	-0,93	
16,81	-0,93	
16,815	-0,92	
16,82	-0,91	
16,825	-0,9	
16,83	-0,89	
16,835	-0,88	
16,84	-0,87	
16,845	-0,86	
16,85	-0,85	
16,855	-0,83	
16,86	-0,82	
16,865	-0,81	
16,87	-0,8	
16,875	-0,79	
16,88	-0,77	
16,885	-0,76	
16,89	-0,74	
16,895	-0,72	
16,9	-0,71	
16,905	-0,7	
16,91	-0,68	
16,915	-0,67	
16,92	-0,65	
16,925	-0,63	
16,93	-0,61	
16,935	-0,59	
16,94	-0,57	
16,945	-0,55	
16,95	-0,53	
16,955	-0,51	
16,96	-0,5	
16,965	-0,48	
16,97	-0,46	
16,975	-0,44	
16,98	-0,41	
16,985	-0,39	
16,99	-0,37	
16,995	-0,35	
17,0	-0,33	
17,005	-0,31	
17,01	-0,28	
17,015	-0,26	
17,02	-0,24	
17,025	-0,21	
17,03	-0,19	
17,035	-0,17	
17,04	-0,15	
17,045	-0,13	
17,05	-0,11	
17,055	-0,09	
17,06	-0,06	
17,065	-0,04	
17,07	-0,01	
17,075	0,01	
17,08	0,04	
17,085	0,06	
17,09	0,08	
17,095	0,1	
17,1	0,12	
17,105	0,14	
17,11	0,17	
17,115	0,2	
17,12	0,22	
17,125	0,24	
17,13	0,26	
17,135	0,28	
17,14	0,3	
17,145	0,32	
17,15	0,34	
17,155	0,36	
17,16	0,39	
17,165	0,41	
17,17	0,43	
17,175	0,45	
17,18	0,47	
17,185	0,49	
17,19	0,5	
17,195	0,52	
17,2	0,54	
17,205	0,56	
17,21	0,59	
17,215	0,61	
17,22	0,63	
17,225	0,65	
17,23	0,66	
17,235	0,67	
17,24	0,68	
17,245	0,7	
17,25	0,71	
17,255	0,73	
17,26	0,75	
17,265	0,76	
17,27	0,78	
17,275	0,79	
17,28	0,8	
17,285	0,81	
17,29	0,83	
17,295	0,83	
17,3	0,85	
17,305	0,86	
17,31	0,87	
17,315	0,88	
17,32	0,89	
17,325	0,89	
17,33	0,9	
17,335	0,9	
17,34	0,91	
17,345	0,92	
17,35	0,93	
17,355	0,94	
17,36	0,94	
17,365	0,94	
17,37	0,95	
17,375	0,95	
17,38	0,95	
17,385	0,96	
17,39	0,97	
17,395	0,97	
17,4	0,96	
17,405	0,96	
17,41	0,96	
17,415	0,95	
17,42	0,95	
17,425	0,95	
17,43	0,95	
17,435	0,95	
17,44	0,95	
17,445	0,94	
17,45	0,94	
17,455	0,93	
17,46	0,92	
17,465	0,92	
17,47	0,91	
17,475	0,91	
17,48	0,9	
17,485	0,9	
17,49	0,89	
17,495	0,88	
17,5	0,86	
17,505	0,85	
17,51	0,83	
17,515	0,82	
17,52	0,81	
17,525	0,8	
17,53	0,8	
17,535	0,79	
17,54	0,77	
17,545	0,75	
17,55	0,73	
17,555	0,72	
17,56	0,7	
17,565	0,69	
17,57	0,68	
17,575	0,66	
17,58	0,65	
17,585	0,63	
17,59	0,61	
17,595	0,59	
17,6	0,57	
17,605	0,55	
17,61	0,53	
17,615	0,51	
17,62	0,49	
17,625	0,48	
17,63	0,46	
17,635	0,44	
17,64	0,42	
17,645	0,4	
17,65	0,38	
17,655	0,36	
17,66	0,34	
17,665	0,31	
17,67	0,29	
17,675	0,27	
17,68	0,25	
17,685	0,23	
17,69	0,21	
17,695	0,19	
17,7	0,17	
17,705	0,15	
17,71	0,12	
17,715	0,1	
17,72	0,08	
17,725	0,05	
17,73	0,02	
17,735	0	
17,74	-0,02	
17,745	-0,04	
17,75	-0,05	
17,755	-0,08	
17,76	-0,1	
17,765	-0,12	
17,77	-0,15	
17,775	-0,17	
17,78	-0,2	
17,785	-0,22	
17,79	-0,23	
17,795	-0,25	
17,8	-0,27	
17,805	-0,29	
17,81	-0,31	
17,815	-0,34	
17,82	-0,36	
17,825	-0,39	
17,83	-0,4	
17,835	-0,42	
17,84	-0,43	
17,845	-0,46	
17,85	-0,47	
17,855	-0,5	
17,86	-0,52	
17,865	-0,54	
17,87	-0,56	
17,875	-0,58	
17,88	-0,59	
17,885	-0,61	
17,89	-0,62	
17,895	-0,64	
17,9	-0,65	
17,905	-0,67	
17,91	-0,69	
17,915	-0,71	
17,92	-0,72	
17,925	-0,73	
17,93	-0,74	
17,935	-0,75	
17,94	-0,76	
17,945	-0,78	
17,95	-0,79	
17,955	-0,8	
17,96	-0,82	
17,965	-0,83	
17,97	-0,84	
17,975	-0,84	
17,98	-0,85	
17,985	-0,86	
17,99	-0,87	
17,995	-0,88	
18,0	-0,89	
18,005	-0,9	
18,01	-0,9	
18,015	-0,91	
18,02	-0,91	
18,025	-0,91	
18,03	-0,92	
18,035	-0,92	
18,04	-0,93	
18,045	-0,93	
18,05	-0,94	
18,055	-0,94	
18,06	-0,93	
18,065	-0,93	
18,07	-0,93	
18,075	-0,93	
18,08	-0,93	
18,085	-0,93	
18,09	-0,93	
18,095	-0,93	
18,1	-0,93	
18,105	-0,92	
18,11	-0,92	
18,115	-0,91	
18,12	-0,9	
18,125	-0,9	
18,13	-0,89	
18,135	-0,89	
18,14	-0,89	
18,145	-0,88	
18,15	-0,87	
18,155	-0,86	
18,16	-0,85	
18,165	-0,83	
18,17	-0,83	
18,175	-0,82	
18,18	-0,81	
18,185	-0,8	
18,19	-0,79	
18,195	-0,78	
18,2	-0,76	
18,205	-0,75	
18,21	-0,73	
18,215	-0,72	
18,22	-0,71	
18,225	-0,7	
18,23	-0,69	
18,235	-0,67	
18,24	-0,65	
18,245	-0,63	
18,25	-0,61	
18,255	-0,59	
18,26	-0,58	
18,265	-0,56	
18,27	-0,55	
18,275	-0,54	
18,28	-0,52	
18,285	-0,5	
18,29	-0,48	
18,295	-0,46	
18,3	-0,43	
18,305	-0,41	
18,31	-0,4	
18,315	-0,38	
18,32	-0,36	
18,325	-0,34	
18,33	-0,32	
18,335	-0,3	
18,34	-0,27	
18,345	-0,24	
18,35	-0,22	
18,355	-0,21	
18,36	-0,19	
18,365	-0,17	
18,37	-0,15	
18,375	-0,13	
18,38	-0,11	
18,385	-0,08	
18,39	-0,05	
18,395	-0,03	
18,4	-0,01	
18,405	0	
18,41	0,02	
18,415	0,04	
18,42	0,06	
18,425	0,09	
18,43	0,11	
18,435	0,14	
18,44	0,16	
18,445	0,18	
18,45	0,2	
18,455	0,22	
18,46	0,24	
18,465	0,26	
18,47	0,28	
18,475	0,3	
18,48	0,33	
18,485	0,35	
18,49	0,37	
18,495	0,38	
18,5	0,41	
18,505	0,42	
18,51	0,44	
18,515	0,46	
18,52	0,48	
18,525	0,5	
18,53	0,51	
18,535	0,53	
18,54	0,55	
18,545	0,57	
18,55	0,59	
18,555	0,61	
18,56	0,62	
18,565	0,63	
18,57	0,65	
18,575	0,66	
18,58	0,67	
18,585	0,69	
18,59	0,7	
18,595	0,72	
18,6	0,73	
18,605	0,75	
18,61	0,76	
18,615	0,77	
18,62	0,78	
18,625	0,79	
18,63	0,8	
18,635	0,81	
18,64	0,82	
18,645	0,83	
18,65	0,84	
18,655	0,85	
18,66	0,85	
18,665	0,86	
18,67	0,86	
18,675	0,87	
18,68	0,88	
18,685	0,89	
18,69	0,89	
18,695	0,9	
18,7	0,9	
18,705	0,9	
18,71	0,91	
18,715	0,91	
18,72	0,91	
18,725	0,91	
18,73	0,91	
18,735	0,91	
18,74	0,91	
18,745	0,91	
18,75	0,91	
18,755	0,91	
18,76	0,91	
18,765	0,9	
18,77	0,9	
18,775	0,9	
18,78	0,89	
18,785	0,89	
18,79	0,88	
18,795	0,88	
18,8	0,87	
18,805	0,87	
18,81	0,86	
18,815	0,86	
18,82	0,85	
18,825	0,84	
18,83	0,83	
18,835	0,82	
18,84	0,8	
18,845	0,79	
18,85	0,78	
18,855	0,77	
18,86	0,76	
18,865	0,76	
18,87	0,74	
18,875	0,73	
18,88	0,71	
18,885	0,7	
18,89	0,68	
18,895	0,66	
18,9	0,65	
18,905	0,64	
18,91	0,63	
18,915	0,62	
18,92	0,6	
18,925	0,58	
18,93	0,56	
18,935	0,53	
18,94	0,52	
18,945	0,51	
18,95	0,49	
18,955	0,48	
18,96	0,46	
18,965	0,45	
18,97	0,42	
18,975	0,4	
18,98	0,37	
18,985	0,35	
18,99	0,33	
18,995	0,31	
19,0	0,3	
19,005	0,28	
19,01	0,26	
19,015	0,24	
19,02	0,22	
19,025	0,2	
19,03	0,17	
19,035	0,15	
19,04	0,14	
19,045	0,12	
19,05	0,1	
19,055	0,07	
19,06	0,05	
19,065	0,03	
19,07	0,01	
19,075	-0,01	
19,08	-0,03	
19,085	-0,05	
19,09	-0,07	
19,095	-0,09	
19,1	-0,11	
19,105	-0,14	
19,11	-0,16	
19,115	-0,18	
19,12	-0,2	
19,125	-0,22	
19,13	-0,24	
19,135	-0,25	
19,14	-0,27	
19,145	-0,3	
19,15	-0,32	
19,155	-0,34	
19,16	-0,36	
19,165	-0,38	
19,17	-0,39	
19,175	-0,41	
19,18	-0,42	
19,185	-0,44	
19,19	-0,46	
19,195	-0,49	
19,2	-0,51	
19,205	-0,52	
19,21	-0,54	
19,215	-0,55	
19,22	-0,57	
19,225	-0,58	
19,23	-0,6	
19,235	-0,61	
19,24	-0,63	
19,245	-0,65	
19,25	-0,66	
19,255	-0,68	
19,26	-0,69	
19,265	-0,69	
19,27	-0,7	
19,275	-0,72	
19,28	-0,73	
19,285	-0,75	
19,29	-0,76	
19,295	-0,78	
19,3	-0,79	
19,305	-0,79	
19,31	-0,8	
19,315	-0,8	
19,32	-0,81	
19,325	-0,82	
19,33	-0,84	
19,335	-0,85	
19,34	-0,85	
19,345	-0,86	
19,35	-0,86	
19,355	-0,87	
19,36	-0,87	
19,365	-0,87	
19,37	-0,88	
19,375	-0,88	
19,38	-0,88	
19,385	-0,89	
19,39	-0,89	
19,395	-0,89	
19,4	-0,89	
19,405	-0,89	
19,41	-0,89	
19,415	-0,89	
19,42	-0,89	
19,425	-0,89	
19,43	-0,89	
19,435	-0,88	
19,44	-0,88	
19,445	-0,88	
19,45	-0,87	
19,455	-0,87	
19,46	-0,87	
19,465	-0,87	
19,47	-0,86	
19,475	-0,85	
19,48	-0,84	
19,485	-0,83	
19,49	-0,82	
19,495	-0,82	
19,5	-0,81	
19,505	-0,8	
19,51	-0,8	
19,515	-0,79	
19,52	-0,78	
19,525	-0,77	
19,53	-0,75	
19,535	-0,74	
19,54	-0,73	
19,545	-0,72	
19,55	-0,71	
19,555	-0,69	
19,56	-0,68	
19,565	-0,67	
19,57	-0,65	
19,575	-0,62	
19,58	-0,61	
19,585	-0,6	
19,59	-0,58	
19,595	-0,58	
19,6	-0,57	
19,605	-0,55	
19,61	-0,53	
19,615	-0,51	
19,62	-0,48	
19,625	-0,46	
19,63	-0,44	
19,635	-0,43	
19,64	-0,42	
19,645	-0,41	
19,65	-0,39	
19,655	-0,37	
19,66	-0,35	
19,665	-0,31	
19,67	-0,29	
19,675	-0,27	
19,68	-0,26	
19,685	-0,24	
19,69	-0,23	
19,695	-0,21	
19,7	-0,19	
19,705	-0,17	
19,71	-0,14	
19,715	-0,11	
19,72	-0,09	
19,725	-0,08	
19,73	-0,06	
19,735	-0,04	
19,74	-0,02	
19,745	-0,01	
19,75	0,02	
19,755	0,05	
19,76	0,07	
19,765	0,09	
19,77	0,11	
19,775	0,13	
19,78	0,14	
19,785	0,16	
19,79	0,18	
19,795	0,21	
19,8	0,24	
19,805	0,26	
19,81	0,27	
19,815	0,29	
19,82	0,3	
19,825	0,32	
19,83	0,34	
19,835	0,36	
19,84	0,38	
19,845	0,41	
19,85	0,43	
19,855	0,44	
19,86	0,45	
19,865	0,47	
19,87	0,48	
19,875	0,5	
19,88	0,52	
19,885	0,54	
19,89	0,57	
19,895	0,58	
19,9	0,59	
19,905	0,6	
19,91	0,61	
19,915	0,62	
19,92	0,64	
19,925	0,66	
19,93	0,68	
19,935	0,7	
19,94	0,71	
19,945	0,72	
19,95	0,72	
19,955	0,72	
19,96	0,74	
19,965	0,75	
19,97	0,77	
19,975	0,78	
19,98	0,8	
19,985	0,81	
19,99	0,81	
19,995	0,82	
20,0	0,82	
20,005	0,82	
20,01	0,83	
20,015	0,84	
20,02	0,85	
20,025	0,86	
20,03	0,87	
20,035	0,87	
20,04	0,87	
20,045	0,86	
20,05	0,86	
20,055	0,87	
20,06	0,87	
20,065	0,88	
20,07	0,89	
20,075	0,89	
20,08	0,89	
20,085	0,88	
20,09	0,88	
20,095	0,88	
20,1	0,88	
20,105	0,88	
20,11	0,88	
20,115	0,88	
20,12	0,87	
20,125	0,86	
20,13	0,86	
20,135	0,85	
20,14	0,85	
20,145	0,84	
20,15	0,84	
20,155	0,83	
20,16	0,82	
20,165	0,82	
20,17	0,8	
20,175	0,79	
20,18	0,79	
20,185	0,78	
20,19	0,77	
20,195	0,77	
20,2	0,76	
20,205	0,75	
20,21	0,73	
20,215	0,71	
20,22	0,7	
20,225	0,68	
20,23	0,67	
20,235	0,66	
20,24	0,66	
20,245	0,64	
20,25	0,63	
20,255	0,61	
20,26	0,59	
20,265	0,57	
20,27	0,55	
20,275	0,54	
20,28	0,52	
20,285	0,51	
20,29	0,5	
20,295	0,49	
20,3	0,46	
20,305	0,44	
20,31	0,42	
20,315	0,4	
20,32	0,38	
20,325	0,36	
20,33	0,35	
20,335	0,34	
20,34	0,32	
20,345	0,3	
20,35	0,27	
20,355	0,24	
20,36	0,22	
20,365	0,2	
20,37	0,19	
20,375	0,17	
20,38	0,16	
20,385	0,14	
20,39	0,12	
20,395	0,09	
20,4	0,07	
20,405	0,04	
20,41	0,02	
20,415	0	
20,42	-0,02	
20,425	-0,03	
20,43	-0,05	
20,435	-0,07	
20,44	-0,1	
20,445	-0,12	
20,45	-0,14	
20,455	-0,16	
20,46	-0,18	
20,465	-0,2	
20,47	-0,21	
20,475	-0,23	
20,48	-0,25	
20,485	-0,28	
20,49	-0,3	
20,495	-0,32	
20,5	-0,34	
20,505	-0,35	
20,51	-0,37	
20,515	-0,39	
20,52	-0,4	
20,525	-0,43	
20,53	-0,45	
20,535	-0,47	
20,54	-0,49	
20,545	-0,5	
20,55	-0,52	
20,555	-0,53	
20,56	-0,55	
20,565	-0,56	
20,57	-0,58	
20,575	-0,6	
20,58	-0,61	
20,585	-0,63	
20,59	-0,65	
20,595	-0,66	
20,6	-0,67	
20,605	-0,68	
20,61	-0,69	
20,615	-0,71	
20,62	-0,73	
20,625	-0,74	
20,63	-0,75	
20,635	-0,76	
20,64	-0,77	
20,645	-0,77	
20,65	-0,78	
20,655	-0,79	
20,66	-0,8	
20,665	-0,82	
20,67	-0,83	
20,675	-0,84	
20,68	-0,84	
20,685	-0,85	
20,69	-0,85	
20,695	-0,85	
20,7	-0,86	
20,705	-0,86	
20,71	-0,87	
20,715	-0,87	
20,72	-0,88	
20,725	-0,88	
20,73	-0,89	
20,735	-0,89	
20,74	-0,89	
20,745	-0,89	
20,75	-0,88	
20,755	-0,88	
20,76	-0,89	
20,765	-0,89	
20,77	-0,88	
20,775	-0,88	
20,78	-0,88	
20,785	-0,88	
20,79	-0,88	
20,795	-0,88	
20,8	-0,87	
20,805	-0,87	
20,81	-0,86	
20,815	-0,85	
20,82	-0,85	
20,825	-0,84	
20,83	-0,84	
20,835	-0,83	
20,84	-0,82	
20,845	-0,81	
20,85	-0,8	
20,855	-0,79	
20,86	-0,78	
20,865	-0,77	
20,87	-0,76	
20,875	-0,75	
20,88	-0,74	
20,885	-0,73	
20,89	-0,72	
20,895	-0,7	
20,9	-0,68	
20,905	-0,67	
20,91	-0,65	
20,915	-0,64	
20,92	-0,63	
20,925	-0,62	
20,93	-0,61	
20,935	-0,59	
20,94	-0,57	
20,945	-0,55	
20,95	-0,53	
20,955	-0,52	
20,96	-0,5	
20,965	-0,49	
20,97	-0,47	
20,975	-0,46	
20,98	-0,44	
20,985	-0,42	
20,99	-0,4	
20,995	-0,38	
21,0	-0,36	
21,005	-0,34	
21,01	-0,32	
21,015	-0,3	
21,02	-0,29	
21,025	-0,27	
21,03	-0,24	
21,035	-0,22	
21,04	-0,2	
21,045	-0,17	
21,05	-0,15	
21,055	-0,14	
21,06	-0,12	
21,065	-0,1	
21,07	-0,08	
21,075	-0,05	
21,08	-0,03	
21,085	-0,01	
